
# This file was rebuilt for 1IE9:A|PDBID|CHAIN|SEQUENCE using AASequence::WriteBlastProfile
          A  R  N  D  C  Q  E  G  H  I  L  K  M  F  P  S  T  W  Y  V
    1 D   -2.00  -2.00  -1.00   4.00  -5.00   0.00   6.00  -3.00  -2.00  -5.00  -5.00  -1.00  -4.00  -5.00  -3.00  -2.00  -2.00  -5.00  -4.00  -4.00   1.25   0.52
    2 S    2.00  -3.00   3.00  -2.00  -3.00  -2.00  -2.00  -2.00  -2.00  -3.00  -4.00  -2.00  -3.00  -4.00  -3.00   5.00  -1.00  -5.00  -4.00  -1.00   0.82   0.70
    3 L   -3.00   1.00  -4.00  -4.00  -3.00   2.00  -3.00  -5.00  -3.00   2.00   2.00  -3.00   4.00  -2.00  -4.00   1.00  -2.00  -4.00   1.00   2.00   0.43   0.78
    4 R   -1.00   4.00   0.00  -3.00  -5.00   0.00   0.00  -4.00  -3.00  -5.00  -5.00   4.00  -4.00  -5.00  -4.00   3.00   0.00  -5.00  -4.00  -4.00   0.83   1.15
    5 P   -3.00  -4.00  -2.00  -4.00  -5.00  -4.00  -4.00  -4.00  -5.00  -3.00  -3.00  -3.00  -4.00  -6.00   8.00  -1.00   2.00  -6.00  -5.00  -4.00   2.02   1.22
    6 K    0.00   0.00  -3.00  -2.00  -5.00   3.00   4.00  -4.00  -3.00  -4.00  -4.00   3.00  -4.00  -5.00   2.00   0.00   0.00  -5.00  -4.00  -1.00   0.61   1.27
    7 L   -4.00  -5.00  -5.00  -5.00   3.00  -1.00  -3.00  -6.00  -5.00  -1.00   5.00  -5.00   1.00  -3.00   4.00  -3.00  -4.00  -5.00  -4.00   0.00   1.00   1.41
    8 S   -2.00  -4.00   0.00   0.00  -2.00  -2.00  -3.00  -2.00  -4.00  -3.00  -4.00  -3.00  -4.00  -5.00   3.00   4.00   5.00  -5.00  -2.00  -4.00   0.84   1.38
    9 E    3.00  -2.00  -2.00   1.00  -5.00   1.00   3.00  -1.00  -4.00  -5.00  -2.00  -2.00  -4.00  -4.00   4.00   0.00  -2.00  -5.00  -2.00  -3.00   0.54   1.45
   10 E    0.00  -3.00   3.00   2.00  -5.00   1.00   6.00  -4.00  -3.00  -6.00  -5.00  -2.00  -5.00  -6.00  -4.00   0.00   0.00  -6.00  -5.00  -5.00   1.03   1.50
   11 Q    0.00  -3.00  -3.00  -1.00  -5.00   6.00   3.00  -5.00  -1.00   1.00  -1.00  -1.00  -2.00  -5.00  -4.00   1.00  -2.00  -5.00  -1.00  -3.00   0.77   1.52
   12 Q   -3.00   0.00  -2.00   2.00  -5.00   3.00   3.00  -3.00  -1.00  -5.00  -2.00   0.00  -2.00  -4.00   3.00  -1.00  -1.00   6.00  -2.00  -3.00   0.60   1.49
   13 R    0.00   1.00  -1.00   2.00  -5.00   3.00   2.00  -3.00   4.00  -3.00  -2.00  -1.00   2.00  -3.00  -3.00   1.00   0.00  -5.00  -2.00  -4.00   0.40   1.53
   14 I   -4.00  -5.00  -5.00  -6.00  -4.00  -1.00  -3.00  -4.00  -5.00   1.00   5.00  -3.00   4.00   0.00  -1.00  -3.00  -4.00  -4.00  -4.00   1.00   0.90   1.55
   15 I   -1.00  -6.00  -6.00  -6.00  -4.00  -5.00  -6.00  -6.00  -6.00   7.00   1.00  -5.00   0.00  -2.00  -5.00  -3.00   0.00  -5.00  -4.00   3.00   1.19   1.61
   16 A    0.00   2.00   1.00   0.00  -5.00   3.00   3.00  -5.00   1.00  -5.00  -2.00   0.00  -1.00  -5.00  -2.00   1.00   0.00  -5.00   0.00  -3.00   0.35   1.63
   17 I    1.00   3.00  -1.00  -3.00  -1.00   1.00   1.00  -5.00  -3.00   0.00  -3.00   2.00   2.00  -5.00  -5.00   1.00   1.00  -6.00  -2.00   0.00   0.34   1.66
   18 L   -1.00  -4.00  -6.00  -6.00  -4.00  -5.00  -4.00  -6.00  -6.00   3.00   5.00  -5.00  -1.00  -3.00  -6.00  -5.00  -4.00  -5.00  -4.00   3.00   1.13   1.65
   19 L   -1.00  -1.00  -5.00  -5.00   0.00  -2.00  -3.00  -5.00  -5.00   2.00   3.00  -4.00   4.00  -4.00  -5.00   1.00   2.00  -5.00  -4.00   3.00   0.53   1.63
   20 D   -1.00   2.00  -2.00   3.00  -6.00   1.00   4.00  -1.00  -4.00  -5.00  -4.00   2.00  -5.00  -3.00  -3.00  -3.00  -3.00   4.00  -1.00  -3.00   0.65   1.66
   21 A    6.00  -4.00  -4.00  -4.00  -1.00  -4.00  -4.00  -3.00  -4.00  -3.00  -4.00  -2.00   0.00  -2.00  -4.00   2.00  -1.00  -4.00   2.00  -2.00   1.05   1.61
   22 H   -4.00  -2.00  -3.00  -2.00  -5.00   3.00   3.00  -4.00   9.00  -5.00  -4.00  -3.00  -1.00  -2.00  -2.00  -2.00  -3.00  -4.00   1.00  -5.00   1.39   1.59
   23 H   -1.00   2.00   0.00   1.00  -3.00   1.00   0.00  -3.00   1.00  -2.00   0.00  -2.00   4.00  -4.00   2.00  -2.00   1.00  -5.00  -3.00   0.00   0.24   1.59
   24 K    0.00   1.00   0.00   1.00  -4.00   1.00   2.00   0.00   2.00  -2.00  -2.00   1.00  -4.00  -4.00   1.00   0.00   0.00  -1.00  -4.00  -3.00   0.21   1.54
   25 T    0.00  -3.00  -2.00  -2.00   3.00   1.00   0.00  -4.00   1.00  -1.00  -3.00  -2.00  -3.00  -2.00  -2.00  -1.00   5.00  -4.00   1.00   1.00   0.53   1.48
   26 Y   -1.00  -2.00   1.00  -1.00   6.00   1.00   2.00  -3.00   1.00  -1.00  -1.00  -3.00   0.00   2.00   0.00  -1.00  -3.00  -3.00   1.00  -1.00   0.34   1.36
   27 D   -3.00  -1.00   2.00   3.00  -1.00   4.00   1.00  -1.00   1.00  -3.00  -3.00  -1.00  -1.00  -4.00   0.00   0.00  -1.00  -4.00  -2.00  -2.00   0.44   1.45
   28 P    1.00   0.00  -3.00  -2.00  -1.00  -3.00  -2.00  -1.00   0.00  -3.00   0.00   0.00  -3.00   1.00   5.00  -1.00   0.00  -4.00   1.00  -2.00   0.52   1.49
   29 T   -1.00   0.00   0.00   1.00  -4.00   2.00  -2.00  -1.00   1.00   0.00  -1.00  -1.00   3.00  -4.00   0.00   2.00   3.00  -4.00  -2.00  -2.00   0.25   1.48
   30 Y   -2.00   0.00  -2.00   1.00   0.00  -3.00   2.00   1.00   1.00  -3.00   0.00  -2.00   0.00   4.00  -3.00  -1.00  -1.00   1.00   3.00  -4.00   0.31   1.55
   31 S   -1.00  -3.00   0.00   0.00  -4.00  -3.00   3.00  -2.00  -3.00  -2.00  -1.00  -1.00  -4.00  -3.00   2.00   3.00   0.00  -5.00  -1.00  -2.00   0.39   1.58
   32 D   -2.00   0.00   0.00   5.00  -5.00   2.00   0.00  -4.00   4.00  -2.00  -3.00  -1.00  -4.00  -1.00  -2.00   1.00  -2.00  -5.00  -4.00  -1.00   0.54   1.59
   33 F   -4.00  -2.00  -4.00  -4.00  -4.00  -1.00  -2.00  -5.00   2.00   1.00   2.00  -1.00   0.00   4.00  -3.00  -3.00  -2.00   5.00   4.00   1.00   0.51   1.56
   34 C   -1.00   1.00  -2.00  -1.00   4.00   2.00   0.00  -2.00  -2.00  -1.00   0.00   3.00  -3.00  -4.00  -3.00   1.00   0.00  -4.00  -2.00  -1.00   0.27   1.58
   35 Q   -1.00   3.00   0.00   0.00  -1.00   5.00   1.00  -3.00   0.00  -4.00  -4.00   1.00   0.00  -4.00   1.00   0.00  -2.00  -4.00   0.00  -3.00   0.55   1.58
   36 F   -1.00  -1.00  -3.00  -4.00  -1.00  -1.00  -4.00  -3.00  -4.00   1.00   2.00   0.00   2.00   4.00  -2.00  -1.00  -1.00   1.00   0.00   1.00   0.33   1.56
   37 R   -3.00   5.00  -1.00  -2.00  -2.00   1.00  -2.00   1.00  -2.00   1.00  -2.00  -1.00   0.00  -4.00  -2.00  -1.00   1.00  -4.00  -4.00  -3.00   0.54   1.55
   38 P    0.00   0.00  -1.00  -2.00  -2.00   1.00   2.00  -4.00  -4.00  -3.00  -1.00   2.00   1.00  -4.00   4.00  -1.00   0.00  -1.00  -4.00  -2.00   0.44   1.61
   39 P   -1.00   0.00  -1.00  -2.00  -4.00   0.00  -1.00  -4.00   1.00  -2.00  -3.00  -2.00  -3.00   1.00   6.00  -2.00  -1.00   1.00   2.00  -2.00   0.71   1.60
   40 V    1.00   0.00  -3.00  -1.00  -2.00   0.00   1.00  -1.00  -1.00   1.00   1.00  -2.00   0.00  -2.00   0.00  -1.00   0.00   1.00  -2.00   2.00   0.13   1.60
   41 R   -1.00   2.00  -2.00   0.00  -4.00   0.00  -1.00  -3.00   1.00   0.00  -1.00  -2.00  -1.00   0.00   0.00  -1.00   1.00   0.00   2.00   2.00   0.16   1.61
   42 V   -1.00  -3.00   2.00   0.00   1.00  -1.00   0.00  -2.00   0.00   0.00   0.00  -2.00   1.00  -2.00   2.00   1.00  -2.00  -5.00  -1.00   3.00   0.17   1.65
   43 N    0.00   0.00   2.00   1.00   3.00   0.00   0.00  -2.00   0.00  -4.00  -3.00  -1.00  -1.00   0.00   1.00   1.00   2.00   1.00   2.00  -2.00   0.19   1.62
   44 D    1.00  -2.00  -1.00   0.00  -2.00   1.00   0.00  -2.00  -1.00   1.00  -2.00   0.00   2.00  -1.00   2.00   3.00  -2.00   0.00  -1.00  -2.00   0.21   1.61
   45 G    0.00   0.00   0.00   1.00  -1.00   0.00   0.00   3.00   1.00  -1.00  -2.00  -1.00  -4.00  -5.00   0.00   2.00   0.00  -5.00  -4.00  -3.00   0.25   1.60
   46 G   -1.00  -2.00  -2.00   1.00  -2.00   1.00   0.00   1.00   3.00  -2.00  -4.00   0.00  -4.00  -2.00  -1.00   0.00   0.00  -1.00   4.00  -1.00   0.27   1.57
   47 G   -2.00   1.00   1.00   2.00  -3.00   2.00  -1.00   1.00   2.00  -1.00  -2.00  -2.00  -3.00  -3.00   1.00   2.00  -1.00  -5.00  -3.00  -2.00   0.25   1.61
   48 S   -1.00   1.00   1.00   1.00  -3.00   0.00   0.00  -2.00  -1.00  -1.00  -2.00   1.00   0.00  -3.00   3.00   2.00   0.00  -5.00  -3.00  -2.00   0.26   1.64
   49 V   -1.00   0.00   0.00  -2.00  -2.00   0.00  -2.00  -2.00  -1.00  -1.00  -1.00  -1.00   2.00   0.00   3.00   0.00   1.00  -2.00   0.00   1.00   0.20   1.60
   50 T   -1.00  -1.00   1.00   2.00   1.00   4.00  -1.00  -2.00  -1.00  -2.00  -3.00   0.00  -2.00  -2.00   1.00   1.00   1.00   1.00   0.00  -2.00   0.25   1.58
   51 L   -1.00   0.00  -2.00  -2.00  -2.00  -1.00   0.00   0.00   0.00   0.00   2.00  -1.00   2.00  -3.00   4.00  -1.00  -2.00  -4.00   0.00  -1.00   0.26   1.53
   52 E   -1.00   1.00   1.00   3.00  -4.00   2.00   2.00  -1.00  -2.00  -2.00  -2.00   0.00  -4.00  -4.00   3.00   0.00  -1.00  -5.00  -3.00  -3.00   0.32   1.49
   53 L    0.00  -1.00   0.00   0.00  -4.00  -1.00  -1.00  -2.00   0.00   0.00   1.00   1.00   2.00   2.00   0.00  -2.00   1.00  -3.00   1.00  -1.00   0.10   1.41
   54 S   -1.00   0.00   1.00  -1.00   1.00  -1.00   0.00  -1.00  -2.00  -1.00  -3.00   1.00  -2.00  -4.00   2.00   3.00   1.00  -4.00  -4.00  -1.00   0.27   1.48
   55 Q    0.00   2.00   1.00   1.00  -4.00   1.00   3.00  -2.00   1.00  -3.00  -3.00   0.00  -1.00  -2.00   1.00   0.00   2.00  -4.00  -1.00  -2.00   0.23   1.41
   56 L    1.00  -3.00   0.00  -1.00  -1.00   0.00  -1.00  -3.00   0.00   2.00   2.00  -3.00  -1.00   2.00   1.00  -1.00  -2.00   4.00   0.00  -1.00   0.20   1.39
   57 S    0.00   0.00   0.00   2.00  -4.00   2.00   2.00  -1.00  -1.00  -4.00  -2.00  -1.00   2.00  -4.00  -1.00   2.00   1.00  -1.00  -2.00  -1.00   0.21   1.43
   58 M    1.00  -2.00   0.00  -3.00  -1.00  -3.00  -4.00  -2.00   1.00   1.00   2.00  -1.00   4.00  -1.00   1.00   1.00  -1.00  -4.00  -2.00   0.00   0.27   1.47
   59 L   -2.00  -4.00  -1.00  -5.00  -1.00  -2.00  -3.00  -5.00  -4.00   1.00   2.00  -4.00   4.00   4.00  -3.00  -3.00  -4.00   6.00   0.00   2.00   0.68   1.49
   60 P   -1.00  -1.00   0.00   1.00   3.00   2.00   2.00  -3.00   2.00  -3.00  -1.00  -1.00   0.00  -4.00   1.00   1.00   2.00  -1.00  -4.00  -4.00   0.27   1.50
   61 H   -2.00   0.00   1.00   1.00  -5.00   2.00   1.00  -4.00   5.00  -2.00   0.00   1.00  -2.00  -4.00  -4.00   1.00  -1.00  -5.00  -1.00  -2.00   0.38   1.52
   62 L   -2.00  -5.00  -5.00  -5.00   4.00  -5.00  -5.00  -5.00  -5.00   3.00   3.00  -5.00   3.00   4.00  -5.00  -4.00  -3.00  -4.00  -1.00   1.00   0.83   1.52
   63 A    2.00  -4.00   2.00  -4.00   7.00  -2.00  -4.00  -2.00   2.00  -3.00  -4.00  -2.00   0.00  -4.00  -5.00   1.00   3.00  -5.00   2.00  -4.00   0.79   1.62
   64 D   -2.00   1.00   2.00   3.00  -5.00   3.00   3.00  -2.00   0.00   0.00  -4.00   1.00   0.00  -5.00  -4.00   0.00  -4.00  -6.00  -2.00  -3.00   0.52   1.64
   65 L    1.00  -1.00  -4.00  -4.00  -1.00   0.00  -1.00  -5.00  -2.00   3.00   3.00  -2.00   3.00  -3.00  -3.00   0.00  -1.00   0.00   0.00   0.00   0.34   1.62
   66 V    3.00  -4.00  -2.00  -5.00   0.00  -4.00  -2.00   0.00  -2.00   0.00   1.00  -4.00   3.00   0.00  -4.00   1.00   1.00   2.00  -2.00   0.00   0.36   1.63
   67 S    1.00  -1.00   0.00   3.00   1.00  -2.00   0.00  -2.00   2.00   0.00  -1.00  -2.00  -4.00   0.00  -4.00   1.00   3.00  -5.00  -2.00  -3.00   0.29   1.59
   68 Y   -1.00   3.00  -1.00  -2.00  -5.00   2.00   1.00  -1.00   2.00  -3.00  -2.00   3.00  -4.00   0.00   1.00  -1.00  -1.00  -4.00   0.00  -2.00   0.31   1.54
   69 S    1.00  -1.00  -1.00  -1.00   2.00   4.00   1.00  -1.00   1.00  -2.00  -1.00  -3.00   2.00  -4.00  -2.00   2.00   1.00  -5.00  -4.00  -2.00   0.28   1.51
   70 I   -4.00  -5.00  -5.00  -6.00   1.00  -5.00  -5.00  -6.00  -5.00   4.00   4.00  -5.00   2.00   2.00  -5.00  -2.00  -3.00  -4.00   0.00   3.00   0.80   1.49
   71 Q   -2.00   0.00  -1.00  -1.00  -5.00   3.00  -1.00  -2.00   0.00   1.00   0.00  -1.00  -3.00   4.00  -2.00  -4.00   1.00  -4.00   0.00   2.00   0.30   1.66
   72 K   -1.00   2.00  -1.00  -4.00   0.00   1.00   1.00  -1.00   2.00  -1.00   0.00   1.00   2.00  -1.00  -2.00   0.00  -1.00   1.00   1.00   0.00   0.13   1.67
   73 V    0.00  -4.00  -1.00  -5.00   1.00  -1.00  -4.00  -5.00   0.00   3.00   2.00  -4.00   3.00   1.00  -5.00  -1.00   0.00  -5.00  -4.00   3.00   0.42   1.68
   74 I   -2.00  -1.00  -2.00  -4.00  -3.00  -4.00  -4.00  -5.00  -4.00   4.00   0.00  -1.00   2.00  -1.00  -4.00  -4.00  -1.00  -4.00  -3.00   5.00   0.75   1.21
   75 G   -1.00   0.00   1.00   3.00  -5.00   0.00   4.00   0.00   2.00  -4.00  -3.00   2.00  -4.00  -5.00  -4.00  -1.00  -2.00  -5.00  -4.00  -2.00   0.49   1.27
   76 F   -2.00  -4.00  -5.00  -5.00  -4.00  -4.00  -4.00  -4.00  -4.00  -3.00  -3.00  -4.00   3.00   6.00  -5.00  -2.00  -1.00  10.00   2.00  -1.00   1.65   1.25
   77 A    5.00  -4.00  -3.00  -4.00   1.00  -3.00  -3.00  -2.00  -4.00  -1.00  -1.00  -3.00   0.00   0.00  -1.00   1.00   1.00  -4.00  -3.00   0.00   0.58   1.25
   78 K   -3.00   3.00  -1.00  -1.00   1.00   0.00   0.00  -2.00  -3.00  -4.00  -1.00   6.00   0.00  -4.00  -3.00  -1.00  -3.00  -4.00  -1.00  -4.00   0.85   1.25
   79 M   -1.00   0.00   2.00  -1.00  -1.00   1.00  -2.00   0.00   0.00  -2.00  -2.00   2.00   4.00  -2.00  -4.00   2.00   1.00  -4.00   0.00  -2.00   0.24   1.25
   80 I   -2.00  -5.00  -5.00  -5.00   2.00  -4.00  -5.00  -5.00  -5.00   5.00   3.00  -5.00   2.00   2.00  -5.00  -2.00   0.00  -4.00  -3.00   1.00   0.73   1.50
   81 P   -2.00  -3.00   0.00  -1.00  -1.00  -2.00  -1.00  -3.00  -1.00  -1.00  -3.00  -1.00   2.00  -2.00   7.00  -2.00  -2.00  -5.00  -4.00  -2.00   1.11   1.50
   82 G    0.00  -4.00  -2.00  -1.00   2.00  -1.00   0.00   3.00   2.00  -4.00  -2.00  -4.00   1.00   5.00  -1.00   0.00  -4.00  -4.00   0.00  -2.00   0.44   1.52
   83 F   -4.00  -5.00  -5.00  -5.00  -4.00  -5.00  -5.00  -5.00  -4.00   0.00   0.00  -5.00   2.00   8.00   0.00  -1.00  -4.00  -2.00   3.00  -1.00   1.39   1.51
   84 R    0.00   1.00   1.00  -1.00   1.00   3.00  -2.00  -1.00   1.00  -2.00  -2.00   0.00   2.00  -1.00  -1.00   1.00   1.00   1.00  -4.00  -1.00   0.19   1.51
   85 D    0.00  -1.00   1.00   3.00   0.00   3.00   2.00  -2.00   1.00  -2.00  -1.00   0.00  -4.00  -2.00  -4.00   0.00  -1.00  -5.00  -1.00  -2.00   0.24   1.51
   86 L   -2.00  -5.00  -6.00  -6.00  -4.00  -5.00  -6.00  -6.00  -6.00   3.00   6.00  -5.00   1.00   0.00  -6.00  -5.00  -4.00  -5.00  -4.00   1.00   1.23   1.39
   87 T   -2.00  -2.00  -1.00   1.00   1.00   0.00  -1.00   1.00   3.00  -2.00  -4.00  -2.00  -4.00  -3.00   4.00   3.00   1.00  -6.00  -2.00  -4.00   0.51   1.39
   88 S   -2.00  -2.00  -1.00  -3.00   0.00   3.00  -1.00  -3.00   1.00   1.00   2.00   0.00   2.00  -1.00  -1.00  -2.00  -1.00  -5.00  -4.00   1.00   0.27   1.50
   89 E    0.00  -1.00  -1.00   4.00  -1.00  -1.00   4.00  -3.00   0.00  -2.00  -3.00   0.00  -1.00  -2.00  -2.00  -1.00  -2.00  -5.00  -1.00  -3.00   0.53   1.37
   90 D   -1.00  -4.00   1.00   6.00   3.00  -1.00  -1.00  -2.00   1.00  -1.00  -5.00  -3.00  -5.00  -6.00  -4.00  -1.00   1.00  -6.00  -5.00  -2.00   0.92   1.37
   91 Q   -1.00   1.00   1.00  -3.00  -5.00   6.00  -2.00  -4.00   4.00  -6.00  -5.00   2.00  -4.00  -5.00   0.00   0.00  -3.00  -5.00   1.00  -5.00   1.03   1.37
   92 I   -2.00  -2.00  -4.00  -1.00  -4.00  -4.00  -2.00  -3.00  -1.00   3.00   0.00  -2.00   4.00   1.00  -5.00  -1.00   2.00  -5.00  -4.00   3.00   0.44   1.39
   93 V    0.00   1.00  -2.00  -4.00   2.00   0.00  -3.00  -4.00   1.00   2.00   1.00   1.00  -1.00  -4.00  -4.00   2.00   2.00  -5.00  -2.00   1.00   0.23   1.17
   94 L   -2.00  -4.00  -5.00  -6.00  -4.00  -4.00  -5.00  -5.00  -5.00   1.00   6.00  -5.00   1.00  -2.00  -5.00  -4.00  -3.00  -4.00  -3.00   0.00   1.26   1.17
   95 L   -3.00  -5.00  -6.00  -6.00  -4.00  -2.00  -5.00  -6.00  -1.00   2.00   5.00  -5.00   1.00   1.00  -5.00  -5.00  -2.00  -4.00  -3.00   2.00   0.94   1.22
   96 K   -2.00   3.00  -3.00  -3.00  -5.00   3.00   2.00  -4.00   1.00  -3.00  -4.00   5.00   1.00  -5.00  -4.00  -1.00  -1.00  -5.00  -4.00  -4.00   0.79   1.21
   97 S    2.00  -3.00   1.00  -1.00   2.00   0.00   0.00   0.00   4.00  -4.00  -3.00  -2.00  -1.00  -2.00  -4.00   2.00   0.00  -1.00   2.00  -1.00   0.30   1.27
   98 S    2.00  -2.00  -2.00  -4.00   6.00  -4.00  -4.00   2.00  -1.00  -2.00  -4.00  -1.00  -4.00  -1.00  -4.00   3.00   0.00  -5.00  -1.00   0.00   0.56   1.32
   99 A    1.00   0.00  -5.00  -5.00   4.00  -4.00  -4.00  -4.00  -4.00  -3.00  -1.00  -4.00   3.00   1.00  -5.00   0.00   0.00   9.00   1.00   1.00   0.94   1.52
  100 I   -1.00  -1.00   0.00  -4.00   1.00  -1.00  -1.00  -1.00   2.00   2.00   1.00  -1.00   3.00   3.00  -1.00   0.00  -1.00  -4.00   1.00  -1.00   0.18   1.50
  101 E   -1.00  -3.00  -2.00   1.00   0.00   0.00   5.00  -1.00   2.00  -4.00  -4.00   0.00   1.00  -1.00   0.00   0.00  -3.00  -4.00  -4.00  -3.00   0.70   1.34
  102 V   -1.00  -4.00  -2.00  -5.00   3.00  -4.00  -4.00  -5.00   1.00   3.00   3.00  -4.00   1.00   0.00  -4.00  -2.00  -3.00   2.00  -3.00   3.00   0.55   1.31
  103 I   -1.00  -4.00  -1.00  -5.00   3.00  -2.00  -4.00  -4.00   0.00   1.00   3.00  -4.00   5.00   2.00  -4.00  -2.00   0.00   5.00  -3.00   0.00   0.54   1.31
  104 M   -1.00  -4.00  -1.00  -4.00   0.00   0.00  -4.00  -4.00   0.00   3.00   1.00  -4.00   4.00   2.00  -4.00   1.00   1.00   2.00   1.00   2.00   0.35   1.31
  105 L    0.00  -2.00  -2.00  -5.00   2.00  -1.00  -4.00  -3.00  -4.00   1.00   4.00  -4.00   1.00   3.00  -1.00  -3.00   0.00  -4.00  -3.00   1.00   0.45   1.31
  106 R    0.00   4.00   0.00   0.00   0.00  -1.00  -2.00   1.00   1.00  -3.00  -3.00  -2.00   3.00  -1.00  -4.00   1.00  -1.00   1.00  -1.00  -1.00   0.29   1.42
  107 S    1.00  -4.00  -1.00  -4.00   1.00  -1.00  -2.00  -2.00  -1.00   0.00   3.00  -1.00   2.00   2.00  -2.00   1.00  -1.00  -4.00  -3.00  -1.00   0.26   1.45
  108 N    3.00  -2.00   2.00  -3.00   3.00  -2.00  -4.00  -1.00   1.00   1.00  -2.00  -3.00   1.00  -4.00  -2.00   2.00  -1.00   0.00   1.00   0.00   0.37   1.54
  109 E   -1.00   3.00  -3.00  -4.00  -1.00   3.00  -2.00  -3.00   2.00  -3.00  -3.00   0.00   0.00   0.00  -2.00   1.00   1.00   5.00   3.00  -1.00   0.45   1.55
  110 S   -2.00   4.00  -3.00  -3.00   3.00  -2.00  -2.00  -4.00   2.00  -1.00   0.00  -1.00   1.00  -1.00  -4.00   2.00   1.00  -5.00   0.00   0.00   0.43   1.58
  111 F   -2.00  -4.00  -3.00  -5.00  -4.00  -3.00  -4.00  -2.00   1.00   1.00   0.00  -4.00   4.00   5.00  -3.00   2.00  -1.00   0.00   5.00  -1.00   0.61   1.56
  112 T   -3.00   0.00   4.00   2.00   1.00   0.00  -1.00  -1.00   1.00   0.00  -2.00   1.00   3.00  -1.00   0.00   0.00   1.00  -5.00  -3.00  -2.00   0.27   1.71
  113 M    1.00  -1.00  -1.00  -1.00   0.00  -1.00   0.00  -3.00   2.00  -2.00   0.00   2.00   0.00  -3.00   2.00   0.00  -1.00  -5.00  -1.00   1.00   0.17   1.71
  114 D    0.00  -1.00   0.00   4.00  -1.00   0.00   2.00   0.00   1.00  -4.00  -2.00   2.00   0.00  -2.00  -2.00   1.00  -2.00  -5.00  -2.00  -1.00   0.26   1.71
  115 D   -3.00   0.00   1.00   2.00   1.00   1.00   0.00   1.00   1.00  -2.00  -2.00   0.00  -4.00  -5.00   1.00   1.00   2.00  -5.00  -3.00  -3.00   0.23   1.72
  116 M   -2.00  -2.00   0.00   3.00  -1.00  -1.00   0.00   2.00  -1.00   1.00  -1.00  -2.00   3.00  -1.00   0.00   0.00   0.00  -5.00  -4.00   0.00   0.20   1.70
  117 S    0.00   0.00  -1.00  -2.00  -2.00   1.00  -1.00   0.00  -4.00   0.00   1.00   2.00  -2.00  -1.00  -2.00   1.00   2.00  -5.00  -2.00  -1.00   0.14   1.74
  118 W   -2.00  -3.00  -5.00  -2.00  -4.00  -3.00  -2.00  -5.00  -3.00   2.00   3.00  -3.00   3.00   2.00  -3.00  -3.00  -1.00   4.00  -2.00   3.00   0.55   1.75
  119 T    0.00  -3.00  -3.00  -2.00   1.00  -3.00  -2.00  -3.00  -3.00   2.00   3.00  -1.00  -1.00   0.00   0.00  -1.00   2.00  -5.00  -2.00   0.00   0.30   1.74
  120 C    0.00  -4.00  -1.00   0.00   5.00  -5.00  -3.00  -5.00  -2.00   0.00   2.00  -4.00  -3.00   5.00  -3.00  -3.00   1.00  -4.00   3.00  -1.00   0.59   1.84
  121 G    1.00  -5.00  -1.00  -2.00   1.00  -4.00  -3.00   3.00  -1.00  -1.00   0.00  -4.00  -1.00   2.00   1.00   1.00  -1.00  -5.00  -4.00   0.00   0.36   1.82
  122 N   -1.00  -1.00   3.00   1.00  -5.00   1.00   0.00   1.00   2.00  -2.00  -1.00  -2.00   0.00  -5.00   0.00   1.00   0.00  -5.00  -1.00  -2.00   0.22   1.91
  123 Q   -2.00   0.00   1.00   0.00   0.00   1.00   1.00   3.00   3.00  -3.00  -1.00  -1.00   0.00  -1.00   2.00  -2.00  -2.00  -5.00  -4.00  -2.00   0.28   1.93
  124 D    0.00  -1.00   1.00   1.00   2.00  -1.00  -1.00   1.00   0.00   0.00  -1.00  -1.00   2.00   0.00  -1.00  -1.00  -1.00   2.00   0.00   1.00   0.06   2.04
  125 Y    0.00  -1.00  -1.00  -1.00  -5.00   0.00  -1.00  -2.00   3.00  -1.00   1.00  -2.00   1.00   2.00  -1.00  -1.00  -1.00   2.00   2.00   2.00   0.18   2.08
  126 K   -1.00   0.00   0.00   0.00   3.00   1.00   0.00  -1.00   2.00   0.00  -1.00   0.00   2.00   1.00   0.00  -1.00   0.00  -5.00   1.00  -1.00   0.07   2.01
  127 Y   -1.00  -1.00   0.00  -1.00   0.00  -1.00  -1.00  -3.00   2.00   0.00   1.00  -1.00   1.00   0.00   1.00   1.00   1.00  -4.00   3.00  -1.00   0.14   1.98
  128 R   -1.00   0.00   0.00   0.00   3.00   1.00   0.00  -1.00   2.00   0.00  -1.00   0.00   2.00   1.00   0.00  -1.00   0.00  -5.00   1.00  -1.00   0.07   2.01
  129 V   -1.00   3.00  -1.00   1.00   0.00   0.00   2.00  -1.00   0.00   1.00  -2.00  -1.00   1.00  -1.00  -1.00   1.00   0.00  -6.00  -5.00  -1.00   0.16   2.00
  130 S   -1.00  -1.00   2.00   0.00   1.00   3.00   1.00  -2.00   2.00  -2.00   0.00  -2.00   2.00   0.00   0.00   1.00  -1.00  -5.00  -1.00  -1.00   0.15   2.00
  131 D    0.00   1.00   1.00   3.00   2.00   1.00   2.00  -2.00   1.00  -2.00  -2.00  -2.00  -1.00  -5.00   0.00   1.00  -2.00   0.00  -2.00  -2.00   0.23   1.96
  132 V    2.00  -1.00  -2.00   0.00  -5.00   1.00  -2.00   0.00   1.00  -1.00   0.00   0.00   4.00  -1.00  -1.00   0.00  -2.00   0.00   0.00   1.00   0.16   1.97
  133 T    0.00   2.00  -1.00  -2.00  -5.00   1.00  -1.00  -3.00   5.00  -3.00   1.00   0.00   0.00  -2.00  -2.00   0.00   0.00  -5.00  -1.00  -1.00   0.24   2.00
  134 K   -1.00   2.00   1.00  -1.00   3.00   1.00  -1.00   0.00   0.00  -2.00   1.00   3.00  -1.00  -3.00  -5.00   1.00  -2.00  -5.00  -5.00  -2.00   0.25   1.98
  135 A    3.00   1.00   1.00  -1.00  -2.00  -2.00  -3.00   0.00  -2.00  -1.00  -2.00  -2.00   1.00   0.00  -3.00   1.00  -2.00  -5.00  -2.00   2.00   0.24   2.00
  136 G    0.00  -2.00  -2.00  -1.00  -1.00  -2.00   1.00   4.00  -5.00  -2.00  -1.00   0.00   1.00  -2.00   1.00   0.00  -1.00  -6.00  -3.00  -2.00   0.34   2.01
  137 H   -1.00   0.00   0.00   0.00   2.00   0.00   0.00  -1.00   2.00   0.00  -1.00   0.00   2.00   1.00   0.00  -1.00   0.00   4.00   1.00  -1.00   0.09   2.12
  138 S    0.00  -1.00  -1.00  -2.00   1.00   0.00  -1.00   1.00   0.00  -1.00   0.00  -1.00   3.00   2.00  -1.00   1.00  -1.00   1.00   1.00   0.00   0.09   1.95
  139 L    1.00  -1.00  -1.00  -1.00   2.00   0.00   0.00   0.00   0.00  -1.00   0.00  -1.00   3.00  -2.00   0.00   0.00   0.00  -5.00   1.00   0.00   0.08   1.93
  140 E   -1.00   0.00   0.00   3.00  -5.00   1.00   2.00  -5.00   1.00   1.00  -2.00   0.00   1.00   0.00   1.00  -1.00  -1.00  -6.00  -4.00   0.00   0.24   1.93
  141 L   -2.00  -1.00  -1.00  -2.00   3.00  -1.00   0.00  -2.00   1.00   0.00   2.00   0.00   2.00   2.00  -2.00   0.00  -1.00   2.00   0.00   1.00   0.15   1.93
  142 I   -1.00  -3.00  -3.00   0.00   3.00  -2.00  -3.00  -4.00  -5.00   3.00   1.00  -3.00   3.00   1.00  -5.00  -1.00   0.00   2.00   2.00   3.00   0.37   1.90
  143 E   -2.00   4.00   1.00   2.00  -6.00   2.00   2.00  -3.00   0.00  -3.00  -2.00   0.00   0.00  -5.00  -5.00   0.00  -1.00  -6.00   0.00  -3.00   0.42   1.88
  144 P    1.00   1.00  -2.00  -1.00   0.00  -1.00  -2.00   0.00   3.00   1.00  -1.00  -2.00   2.00  -2.00   1.00   1.00  -2.00   0.00   0.00   0.00   0.12   1.80
  145 L   -1.00  -4.00  -1.00  -5.00   1.00   1.00  -4.00  -2.00   1.00   2.00   2.00  -1.00   5.00   1.00  -1.00  -4.00  -1.00  -4.00   0.00   0.00   0.41   1.75
  146 I   -1.00  -1.00  -1.00  -1.00   1.00   4.00   0.00  -5.00   1.00  -1.00  -1.00   0.00   1.00   3.00  -5.00  -2.00  -1.00   2.00   0.00   0.00   0.28   1.76
  147 K    1.00   0.00  -1.00   2.00  -1.00   2.00   4.00  -3.00   3.00  -5.00  -3.00   1.00  -4.00  -3.00  -2.00  -1.00  -2.00   1.00  -1.00  -4.00   0.50   1.75
  148 F   -2.00  -5.00  -6.00  -6.00  -1.00  -2.00  -5.00  -4.00  -1.00   1.00   3.00  -5.00   1.00   6.00  -6.00  -3.00   0.00  -4.00  -1.00   1.00   0.81   1.77
  149 Q    1.00  -5.00  -4.00  -5.00   2.00   1.00  -4.00  -2.00   1.00   0.00   1.00  -3.00  -3.00  -1.00  -1.00   2.00   0.00  -5.00  -1.00   3.00   0.34   1.79
  150 V   -1.00   2.00   1.00  -1.00   1.00   2.00   1.00  -2.00   1.00   1.00  -1.00   0.00  -1.00  -1.00  -5.00   1.00  -1.00   0.00  -1.00   0.00   0.14   1.75
  151 G   -1.00   0.00   1.00   0.00   3.00   1.00   0.00  -1.00   2.00  -4.00  -1.00   0.00   2.00   1.00   0.00   0.00   0.00  -5.00  -4.00   0.00   0.12   1.78
  152 L   -4.00  -5.00  -5.00  -6.00   2.00  -5.00  -5.00  -5.00  -4.00   1.00   3.00  -5.00   5.00   6.00  -2.00  -2.00  -2.00  -3.00   1.00  -1.00   0.93   1.61
  153 K    0.00   3.00   0.00  -1.00   1.00   0.00  -2.00   0.00   0.00  -2.00  -1.00   2.00   1.00  -2.00  -4.00   0.00  -2.00   3.00   2.00  -1.00   0.18   1.59
  154 K    1.00   2.00   0.00   0.00  -1.00   0.00   2.00  -3.00   0.00  -3.00  -2.00   1.00   0.00  -2.00   1.00   2.00  -1.00   1.00  -4.00  -3.00   0.23   1.62
  155 L   -3.00  -2.00  -2.00  -2.00  -4.00  -2.00  -5.00  -5.00   0.00   0.00   5.00  -2.00   5.00   2.00  -5.00  -4.00  -4.00  -4.00   0.00  -1.00   0.84   1.61
  156 N   -2.00   0.00   3.00   1.00  -1.00   4.00   1.00  -2.00   2.00  -5.00  -2.00   3.00  -2.00  -5.00  -4.00  -1.00  -1.00   3.00  -4.00  -2.00   0.45   1.52
  157 L   -4.00   0.00  -5.00  -2.00  -4.00  -4.00  -5.00  -6.00  -5.00   3.00   3.00  -4.00   4.00   0.00  -2.00  -3.00  -2.00   0.00  -4.00   3.00   0.68   1.53
  158 H   -4.00   0.00   1.00   6.00  -5.00   1.00  -1.00  -3.00   1.00  -5.00  -4.00  -1.00   1.00  -5.00  -4.00   1.00   2.00  -6.00  -5.00  -5.00   0.85   1.53
  159 E   -2.00   1.00   1.00   3.00  -5.00   2.00   2.00  -2.00   1.00  -1.00  -4.00   1.00  -1.00  -2.00   1.00   0.00  -1.00  -5.00  -1.00  -2.00   0.32   1.41
  160 E    0.00  -2.00  -1.00  -1.00  -2.00   1.00   4.00  -3.00  -1.00  -1.00  -4.00   0.00  -2.00  -5.00   0.00   1.00   3.00  -5.00  -2.00  -1.00   0.40   1.40
  161 E   -2.00  -3.00  -1.00   1.00  -6.00  -1.00   7.00  -4.00   2.00  -6.00  -3.00  -2.00  -5.00  -6.00  -4.00  -2.00  -2.00  -6.00  -5.00  -5.00   1.51   1.43
  162 H   -4.00  -5.00  -5.00  -6.00  -2.00  -5.00  -5.00  -5.00   0.00   1.00   1.00  -5.00   0.00   6.00  -6.00  -4.00  -2.00   0.00   6.00  -1.00   1.16   1.43
  163 V    4.00  -5.00  -4.00  -5.00  -1.00  -4.00  -3.00   2.00  -5.00   0.00   1.00  -4.00   0.00  -2.00  -5.00   0.00  -1.00  -5.00  -2.00   3.00   0.51   1.43
  164 L   -1.00  -5.00  -6.00  -6.00   8.00  -5.00  -6.00  -6.00  -5.00   0.00   4.00  -5.00   0.00  -1.00  -4.00  -3.00  -3.00  -4.00   1.00  -2.00   1.36   1.43
  165 L   -4.00  -5.00  -6.00  -6.00  -4.00  -5.00  -6.00  -6.00  -5.00   1.00   5.00  -5.00   5.00   3.00  -6.00  -5.00  -4.00  -4.00   1.00   0.00   1.19   1.43
  166 M   -1.00   1.00  -1.00  -4.00   4.00   1.00  -2.00  -4.00  -4.00  -2.00  -4.00   6.00   0.00  -3.00  -4.00   0.00   0.00  -6.00  -5.00  -2.00   0.81   1.44
  167 A    6.00  -4.00  -4.00  -5.00  -1.00  -4.00  -4.00  -1.00  -5.00  -4.00  -2.00  -4.00  -3.00   1.00  -4.00   0.00  -1.00  -5.00  -3.00   0.00   1.03   1.40
  168 I   -1.00  -5.00  -6.00  -6.00  -1.00  -5.00  -6.00  -4.00  -6.00   6.00   3.00  -5.00   3.00  -2.00  -5.00  -4.00  -1.00  -5.00  -3.00   2.00   0.96   1.36
  169 C   -1.00  -5.00  -3.00  -6.00   4.00  -5.00  -5.00  -6.00  -6.00   4.00   2.00  -5.00   0.00  -2.00  -5.00  -1.00  -1.00  -5.00  -4.00   4.00   0.80   1.36
  170 I    1.00  -4.00  -4.00  -5.00   4.00  -3.00  -4.00  -4.00   4.00   2.00   1.00  -4.00   4.00   2.00  -4.00  -3.00   1.00  -4.00  -2.00   1.00   0.50   0.89
  171 V   -2.00  -1.00  -5.00  -6.00   3.00  -4.00  -5.00  -5.00  -4.00   1.00   3.00  -4.00   2.00   5.00  -5.00  -4.00  -4.00  -3.00   1.00   0.00   0.79   1.00
  172 S   -1.00  -1.00   5.00   0.00   3.00   1.00  -1.00  -3.00   1.00  -5.00  -5.00   0.00  -4.00  -5.00  -4.00   3.00   1.00   2.00  -4.00  -4.00   0.62   1.00
  173 P    0.00  -4.00   1.00   1.00   3.00   1.00   0.00   0.00   3.00   1.00  -1.00  -3.00  -3.00  -4.00   1.00   0.00   0.00  -5.00  -4.00   0.00   0.19   1.45
  174 D    0.00  -2.00   2.00   5.00  -6.00  -1.00   1.00  -2.00   1.00  -2.00  -3.00  -2.00  -5.00  -5.00  -5.00   0.00   0.00  -6.00  -1.00   1.00   0.56   1.81
  175 R    0.00   4.00  -2.00  -4.00   3.00  -1.00   0.00  -2.00   0.00   1.00   1.00  -2.00   2.00  -5.00  -1.00   1.00  -1.00  -5.00  -5.00   1.00   0.28   1.76
  176 P   -2.00   1.00  -2.00  -1.00   2.00   0.00   0.00  -5.00   1.00  -2.00  -2.00   3.00   2.00  -2.00   3.00   0.00   0.00  -5.00   0.00  -2.00   0.33   1.76
  177 G   -2.00  -2.00   1.00   1.00  -5.00  -2.00   0.00   5.00   1.00  -5.00  -3.00  -2.00  -5.00  -2.00  -1.00   1.00   0.00   1.00   0.00  -5.00   0.59   1.75
  178 V   -2.00  -2.00  -5.00  -5.00  -1.00  -4.00  -1.00  -5.00  -2.00   2.00   5.00  -4.00   1.00  -1.00  -5.00  -2.00  -1.00  -5.00  -4.00   1.00   0.81   1.61
  179 Q   -2.00   1.00   0.00  -1.00  -1.00   2.00   4.00  -4.00  -1.00  -2.00  -1.00   2.00   1.00  -5.00  -3.00   1.00   0.00  -5.00  -4.00  -2.00   0.41   1.62
  180 D   -2.00  -2.00   4.00   3.00   2.00   0.00   3.00   0.00   0.00  -5.00  -3.00  -2.00  -5.00  -6.00  -4.00   2.00  -2.00  -6.00  -5.00  -5.00   0.61   1.64
  181 A   -1.00   2.00   0.00  -3.00  -3.00   2.00  -3.00  -1.00   2.00   0.00  -3.00   0.00  -2.00  -3.00   3.00   1.00  -1.00  -2.00  -3.00   2.00   0.32   1.71
  182 A    1.00   1.00  -1.00   0.00  -2.00   1.00   3.00  -1.00   1.00  -4.00  -3.00   2.00  -4.00  -1.00  -2.00   1.00   0.00  -1.00  -4.00  -2.00   0.28   1.72
  183 L   -1.00   1.00  -3.00  -2.00   0.00   2.00   1.00  -4.00   3.00  -1.00   1.00   3.00   1.00  -1.00  -2.00  -1.00  -2.00  -5.00   1.00  -1.00   0.26   1.72
  184 I   -2.00  -6.00  -6.00  -6.00  -4.00  -5.00  -6.00  -6.00  -6.00   5.00   1.00  -5.00   0.00   2.00  -6.00  -3.00  -4.00   2.00  -3.00   5.00   1.08   1.65
  185 E   -1.00   1.00  -2.00   2.00  -5.00   2.00   5.00  -3.00   1.00  -5.00  -2.00   1.00  -2.00  -3.00  -3.00   0.00  -1.00  -5.00  -4.00  -3.00   0.56   1.58
  186 A    0.00   3.00   0.00   0.00   2.00   1.00   2.00  -1.00   1.00  -2.00  -2.00   2.00   0.00  -3.00  -3.00   1.00  -2.00  -5.00  -4.00  -2.00   0.27   1.61
  187 I   -1.00  -3.00  -5.00  -5.00   3.00  -3.00  -1.00  -2.00  -2.00   2.00   4.00  -3.00   5.00  -2.00  -5.00  -3.00  -3.00  -5.00  -1.00   0.00   0.65   1.61
  188 Q   -4.00   5.00  -1.00  -4.00  -2.00   6.00  -1.00  -3.00   2.00  -5.00   0.00  -1.00  -1.00  -1.00  -4.00  -2.00  -4.00  -5.00  -1.00  -5.00   1.01   1.61
  189 D   -3.00  -1.00   3.00   4.00  -5.00   0.00   4.00  -4.00   0.00  -4.00  -4.00   1.00   1.00  -2.00  -4.00  -1.00  -2.00   1.00  -2.00  -4.00   0.65   1.61
  190 R    0.00   3.00   2.00  -2.00  -5.00   1.00   0.00  -2.00   0.00  -3.00  -2.00   3.00   1.00  -3.00  -2.00   0.00   0.00  -5.00  -1.00  -3.00   0.33   1.61
  191 L    0.00  -5.00  -3.00  -5.00  -1.00  -4.00  -5.00  -5.00  -3.00   3.00   2.00  -4.00   0.00   2.00  -5.00  -1.00  -1.00  -3.00   5.00   2.00   0.63   1.58
  192 S   -1.00  -2.00   0.00  -3.00  -2.00   2.00  -2.00  -5.00   2.00   2.00   2.00  -2.00   2.00  -1.00  -3.00  -1.00   2.00   1.00   1.00  -1.00   0.27   1.58
  193 N    1.00   1.00   1.00   2.00   0.00   2.00   1.00  -2.00   0.00  -2.00  -1.00   1.00  -1.00  -3.00  -4.00   2.00  -2.00  -1.00   0.00  -2.00   0.20   1.65
  194 T    5.00  -3.00  -2.00  -4.00   3.00  -3.00   1.00  -3.00  -4.00  -1.00  -2.00  -4.00   1.00  -5.00  -4.00   0.00   1.00  -5.00  -5.00  -1.00   0.68   1.64
  195 L   -4.00  -5.00  -6.00  -6.00   1.00  -5.00  -5.00  -6.00  -5.00   0.00   6.00  -5.00   2.00   2.00  -5.00  -5.00  -4.00  -4.00  -3.00  -2.00   1.42   1.53
  196 Q   -3.00   3.00   0.00   0.00  -1.00   2.00   3.00  -3.00   1.00   0.00   0.00   1.00   0.00  -1.00  -5.00  -2.00  -2.00  -5.00  -1.00  -1.00   0.30   1.65
  197 T    0.00   1.00  -1.00   3.00  -5.00   1.00   2.00  -4.00   5.00  -2.00  -1.00   1.00  -3.00  -3.00  -3.00  -2.00  -2.00   3.00   0.00  -2.00   0.40   1.64
  198 Y   -2.00  -1.00  -4.00  -5.00  -2.00   0.00  -1.00  -6.00   6.00  -1.00  -1.00  -4.00  -1.00   1.00  -5.00  -3.00  -3.00   1.00   7.00   0.00   1.10   1.64
  199 I   -3.00  -5.00  -4.00  -5.00   5.00  -3.00  -3.00  -3.00  -5.00   5.00   1.00  -5.00   1.00  -3.00  -5.00  -3.00   1.00  -5.00  -2.00   2.00   0.78   1.61
  200 R   -1.00   2.00   1.00  -1.00   1.00   1.00   1.00  -1.00   1.00  -1.00   0.00   1.00   2.00  -5.00  -1.00   0.00   0.00  -5.00   0.00  -1.00   0.14   1.95
  201 C   -1.00   0.00   1.00  -1.00   4.00   1.00  -1.00  -1.00   2.00  -1.00  -1.00   2.00   1.00   0.00  -1.00   0.00   0.00  -5.00   1.00  -2.00   0.14   1.98
  202 R   -2.00   3.00   3.00  -4.00   0.00   2.00  -1.00  -1.00   3.00  -1.00  -3.00   1.00   0.00  -5.00  -2.00   0.00   1.00   3.00  -1.00  -2.00   0.36   1.98
  203 H   -2.00   2.00  -1.00  -4.00  -6.00   2.00  -2.00   1.00   7.00  -3.00  -4.00  -1.00   0.00  -1.00  -2.00  -1.00  -3.00   0.00   5.00  -4.00   0.72   1.95
  204 P   -1.00   0.00   1.00  -3.00  -4.00  -1.00  -2.00   2.00   2.00  -2.00   0.00  -1.00  -1.00  -4.00   4.00   1.00  -2.00  -4.00  -1.00  -3.00   0.37   1.73
  205 P    0.00  -1.00   2.00   1.00  -1.00   0.00   1.00   0.00   0.00  -1.00  -1.00  -1.00  -1.00  -2.00   0.00   2.00   0.00   0.00   0.00  -2.00   0.11   1.71
  206 P   -3.00  -1.00  -1.00  -1.00   2.00   3.00   0.00  -3.00  -1.00  -2.00  -2.00   0.00  -2.00  -2.00   5.00   1.00  -2.00  -1.00  -1.00  -1.00   0.45   1.92
  207 G    0.00  -1.00   0.00   2.00  -1.00   4.00  -1.00   1.00   3.00  -5.00  -4.00  -2.00  -1.00  -5.00   2.00   1.00   1.00   1.00  -3.00  -3.00   0.39   1.97
  208 S    0.00   2.00  -1.00   2.00   1.00   4.00   0.00   1.00   3.00  -2.00  -5.00  -1.00  -1.00  -6.00  -2.00   2.00  -2.00  -1.00  -5.00  -3.00   0.42   1.95
  209 H    0.00   3.00  -1.00  -1.00  -1.00   2.00  -1.00  -3.00   1.00  -3.00  -2.00   0.00  -1.00   0.00   3.00   1.00  -2.00   0.00  -1.00  -2.00   0.32   1.84
  210 L   -1.00   0.00   1.00   0.00   3.00   1.00   0.00  -1.00   2.00   0.00  -1.00   0.00   2.00   1.00  -5.00   0.00   0.00  -5.00   1.00   0.00   0.11   1.89
  211 L   -1.00   5.00  -4.00  -5.00   2.00   1.00  -4.00  -5.00   1.00   0.00   0.00   0.00   2.00   2.00  -1.00  -4.00  -1.00  -4.00   1.00   0.00   0.46   1.68
  212 Y   -2.00  -5.00  -5.00  -5.00  -4.00   0.00  -5.00  -5.00  -4.00   0.00   3.00  -5.00   1.00   6.00  -5.00  -1.00  -4.00   4.00   3.00  -1.00   0.88   1.50
  213 A    3.00   0.00  -1.00  -1.00  -1.00   0.00  -2.00   2.00  -1.00  -2.00  -3.00  -3.00  -4.00  -3.00   3.00   1.00   1.00  -5.00  -2.00  -4.00   0.38   1.60
  214 K   -2.00   2.00   0.00  -1.00  -1.00   3.00   0.00  -3.00   1.00  -2.00  -3.00   5.00  -1.00  -5.00  -4.00   0.00  -1.00  -5.00  -4.00  -3.00   0.64   1.60
  215 M   -1.00  -5.00  -5.00  -6.00  -4.00  -5.00  -5.00  -6.00  -5.00   2.00   5.00  -5.00   3.00   0.00  -5.00  -4.00  -2.00  -4.00  -4.00   0.00   1.10   1.44
  216 I   -4.00  -4.00  -1.00  -5.00  -4.00  -4.00  -2.00  -5.00  -1.00   1.00   5.00  -4.00   3.00  -1.00  -2.00  -4.00  -1.00  -4.00  -4.00   0.00   0.94   1.38
  217 Q    0.00  -2.00   0.00   0.00   0.00   1.00  -2.00   1.00  -2.00  -2.00   2.00  -2.00   5.00  -4.00  -2.00   0.00  -2.00  -1.00  -4.00  -2.00   0.27   1.46
  218 K    0.00   2.00  -2.00  -2.00   2.00  -1.00  -3.00  -5.00  -1.00   1.00   1.00   4.00   1.00  -3.00  -5.00  -1.00   0.00   0.00  -4.00  -1.00   0.36   1.52
  219 L   -2.00  -2.00  -3.00  -5.00  -4.00  -4.00  -4.00  -4.00  -5.00   3.00   5.00  -5.00   4.00  -3.00  -5.00  -4.00  -3.00  -5.00  -4.00   1.00   0.97   1.45
  220 A    0.00  -4.00  -1.00  -1.00  -4.00  -2.00  -1.00  -2.00   2.00  -4.00  -3.00  -3.00  -4.00   0.00   6.00   2.00   2.00  -5.00  -4.00  -1.00   0.74   1.43
  221 D   -1.00  -3.00  -1.00   3.00  -5.00  -1.00   3.00  -4.00   3.00  -1.00   0.00  -1.00  -3.00  -4.00   0.00   1.00   1.00  -5.00  -2.00  -3.00   0.42   1.41
  222 L   -3.00  -5.00  -6.00  -6.00  -4.00  -5.00  -5.00  -6.00  -5.00   3.00   5.00  -5.00   1.00   2.00  -5.00  -5.00  -3.00  -4.00  -3.00   1.00   1.04   1.39
  223 R   -3.00   7.00  -3.00  -2.00  -1.00   2.00  -1.00  -4.00   2.00  -3.00  -2.00   0.00  -3.00  -5.00  -4.00  -1.00  -2.00  -5.00  -4.00  -3.00   1.12   1.32
  224 S    0.00  -1.00  -1.00  -1.00  -1.00   1.00   1.00  -3.00   4.00  -3.00  -2.00  -1.00   1.00   0.00  -3.00   3.00   1.00  -4.00  -1.00  -2.00   0.31   1.36
  225 L   -2.00  -5.00  -5.00  -5.00  -4.00  -2.00  -5.00  -5.00  -5.00   5.00   3.00  -4.00   3.00  -1.00  -5.00  -3.00   0.00  -4.00  -4.00   2.00   0.77   1.39
  226 N    1.00  -2.00   2.00  -2.00   3.00  -1.00  -2.00   1.00   0.00  -4.00  -4.00  -1.00  -4.00  -5.00  -4.00   4.00   0.00  -5.00  -4.00   1.00   0.47   1.41
  227 E    1.00  -1.00   2.00  -1.00  -4.00   3.00   0.00  -2.00   0.00  -1.00  -1.00   0.00   1.00  -2.00  -3.00   1.00   1.00   1.00  -3.00  -1.00   0.17   1.43
  228 E   -3.00   1.00  -2.00  -1.00   1.00   4.00   1.00  -3.00  -1.00  -3.00   0.00   3.00   3.00   0.00  -1.00  -1.00  -2.00  -5.00  -2.00  -3.00   0.37   1.46
  229 H    0.00  -3.00   1.00  -4.00   0.00  -1.00  -3.00   1.00   7.00   0.00  -1.00  -2.00   0.00   0.00  -3.00  -3.00   0.00  -4.00   0.00   0.00   0.47   1.48
  230 S    2.00  -3.00  -3.00  -5.00  -4.00   0.00  -1.00  -2.00  -2.00   1.00   1.00  -1.00   4.00   1.00  -5.00   1.00   0.00  -5.00  -4.00   1.00   0.26   1.54
  231 K   -2.00   0.00   0.00   1.00  -6.00   3.00   5.00  -3.00  -2.00  -5.00  -5.00   0.00   0.00   0.00  -3.00   0.00  -3.00  -5.00   1.00  -5.00   0.70   1.56
  232 Q    0.00   1.00  -2.00   0.00   2.00   2.00   1.00  -4.00   5.00  -2.00   0.00   0.00   2.00   0.00  -4.00  -2.00  -3.00  -4.00   0.00   0.00   0.28   1.48
  233 Y   -3.00  -3.00  -5.00  -5.00   2.00  -4.00  -5.00  -4.00  -2.00   1.00   5.00  -4.00   0.00   3.00  -5.00  -4.00  -3.00  -4.00   1.00   1.00   0.77   1.49
  234 R   -1.00   1.00  -1.00  -1.00  -1.00   4.00  -2.00  -4.00   2.00   0.00  -2.00   0.00   1.00   3.00  -4.00  -1.00  -2.00  -3.00   4.00  -2.00   0.35   1.43
  235 C    0.00  -1.00  -1.00  -2.00   2.00  -1.00  -1.00  -2.00   2.00   1.00   0.00   0.00  -2.00   1.00  -3.00   1.00   1.00   3.00  -1.00   0.00   0.08   1.35
  236 L   -1.00  -4.00  -4.00  -5.00  -4.00  -1.00  -4.00  -5.00  -4.00   1.00   3.00   0.00   2.00   5.00  -5.00  -2.00  -1.00   1.00   1.00  -1.00   0.60   1.48
  237 S   -3.00   2.00   0.00  -1.00  -3.00  -2.00  -2.00  -2.00   5.00  -3.00  -3.00   3.00  -4.00   3.00  -5.00   1.00   0.00  -4.00   1.00  -4.00   0.43   1.56
  238 F   -2.00  -2.00  -3.00  -2.00   0.00   0.00  -3.00  -2.00  -4.00   1.00   3.00  -2.00   5.00   2.00  -5.00  -3.00  -2.00  -4.00  -3.00   1.00   0.38   1.50
  239 Q   -2.00   1.00   1.00   0.00  -5.00   2.00  -1.00  -3.00   3.00  -3.00  -4.00   4.00  -4.00  -2.00  -3.00   0.00  -3.00  -5.00  -1.00  -1.00   0.47   1.50
  240 P   -2.00   0.00   0.00   1.00   2.00  -1.00  -3.00   1.00  -4.00  -2.00   1.00  -1.00   1.00  -4.00   3.00  -2.00   1.00  -4.00  -4.00   0.00   0.21   1.43
  241 E   -1.00  -2.00  -2.00   0.00  -4.00   0.00   4.00  -2.00   1.00   1.00  -2.00   2.00  -2.00   0.00   0.00   0.00  -2.00   0.00  -3.00  -2.00   0.27   1.45
  242 C   -2.00  -4.00   1.00  -1.00   4.00  -4.00  -3.00   1.00   2.00   2.00   0.00  -4.00   3.00  -2.00  -2.00  -1.00   1.00  -5.00  -4.00   2.00   0.24   1.50
  243 S   -2.00  -2.00   2.00   1.00  -4.00   1.00  -2.00  -4.00  -1.00  -3.00  -1.00   1.00  -1.00  -3.00   4.00   2.00  -1.00  -5.00  -3.00   0.00   0.32   1.52
  244 M    0.00   0.00   0.00  -4.00  -3.00  -3.00  -2.00  -2.00  -1.00   0.00  -1.00  -2.00   3.00  -2.00  -4.00   0.00   2.00  -4.00  -2.00   4.00   0.40   1.42
  245 K    0.00  -1.00  -1.00  -1.00   1.00   1.00   2.00  -2.00   1.00  -4.00  -1.00   1.00  -3.00  -2.00   3.00   2.00  -3.00  -4.00  -4.00  -2.00   0.33   1.43
  246 L   -2.00  -3.00  -5.00  -5.00  -4.00  -4.00  -5.00  -5.00  -4.00   2.00   4.00  -4.00   4.00   5.00   0.00  -4.00  -2.00  -3.00  -2.00   0.00   0.80   1.43
  247 T   -3.00  -3.00  -2.00   2.00  -5.00  -3.00   0.00  -4.00   5.00  -1.00  -5.00  -2.00  -1.00  -4.00   6.00  -2.00   0.00  -5.00   2.00  -3.00   1.01   1.46
  248 P    0.00  -2.00  -1.00   2.00  -5.00  -3.00   3.00  -4.00  -4.00  -4.00  -5.00  -1.00  -5.00  -6.00   6.00   0.00   0.00  -6.00  -5.00  -5.00   0.97   1.49
  249 L   -4.00  -5.00  -6.00  -6.00  -4.00  -2.00  -5.00  -6.00  -5.00   0.00   5.00  -5.00   6.00   2.00  -6.00  -5.00  -4.00  -4.00  -3.00  -2.00   1.35   1.52
  250 V   -4.00  -5.00  -6.00  -6.00  -4.00  -5.00  -6.00  -5.00  -5.00   3.00   4.00  -5.00   5.00   3.00  -6.00  -4.00  -3.00  -4.00   2.00  -1.00   1.02   1.52
  251 L    1.00   1.00  -4.00   0.00  -1.00   3.00  -1.00  -2.00  -4.00  -1.00   2.00   1.00   2.00  -4.00  -5.00   1.00  -2.00  -5.00  -5.00  -2.00   0.33   1.53
  252 E   -4.00  -3.00  -1.00   1.00  -7.00   0.00   7.00  -5.00  -3.00  -6.00  -6.00   0.00  -5.00  -6.00  -4.00  -2.00  -4.00  -6.00  -5.00  -6.00   1.79   1.49
  253 V   -4.00  -5.00  -6.00  -6.00  -4.00  -4.00  -6.00  -6.00  -6.00   5.00   2.00  -5.00   7.00  -3.00  -6.00  -4.00  -4.00  -5.00  -4.00   2.00   1.38   1.55
  254 F   -5.00  -5.00  -6.00  -7.00  -5.00  -5.00  -6.00  -6.00  -5.00   3.00   3.00  -6.00   1.00   5.00  -6.00  -4.00  -4.00   5.00   3.00  -2.00   1.13   1.49
  255 G   -1.00   2.00  -3.00  -2.00   1.00  -2.00   3.00   1.00  -1.00  -5.00  -2.00   1.00  -1.00  -5.00  -4.00   4.00   1.00  -6.00  -5.00  -3.00   0.50   1.38
  256 N    1.00  -4.00   4.00   5.00  -5.00  -3.00  -1.00  -4.00  -3.00  -4.00  -5.00  -3.00  -2.00  -5.00  -4.00   2.00   1.00  -6.00  -5.00  -1.00   0.82   1.28
  257 E   -3.00  -2.00  -2.00   1.00  -5.00   6.00   2.00  -4.00  -2.00  -5.00  -5.00   1.00  -3.00  -5.00  -1.00   1.00   2.00  -5.00   0.00  -4.00   0.89   1.12
  258 I   -3.00  -5.00  -5.00  -6.00  -3.00  -5.00  -5.00  -6.00  -5.00   4.00   4.00  -5.00   0.00   0.00  -5.00  -4.00  -3.00  -4.00  -3.00   3.00   0.93   0.86
  259 S    2.00  -2.00  -1.00  -1.00  -2.00  -1.00  -1.00  -1.00  -2.00  -3.00  -3.00  -1.00  -2.00  -3.00  -2.00   5.00   0.00  -4.00  -3.00  -2.00   0.75   0.32
