
Last position-specific scoring matrix computed, weighted observed percentages rounded down, information per position, and relative weight of gapless real matches to pseudocounts
           A  R  N  D  C  Q  E  G  H  I  L  K  M  F  P  S  T  W  Y  V   A   R   N   D   C   Q   E   G   H   I   L   K   M   F   P   S   T   W   Y   V
    1 M   -2 -2 -3 -4 -2 -1 -3 -4 -2  1  2 -2  8  0 -3 -2 -1 -2 -2  0    0   0   0   0   0   0   0   0   0   0   0   0 100   0   0   0   0   0   0   0  0.63 0.12
    2 A    5 -1 -2 -2 -1 -1 -1 -1 -2 -2 -2  2 -2 -3 -1  1 -1 -4 -3 -1   79   0   0   0   0   0   0   0   0   0   0  21   0   0   0   0   0   0   0   0  0.44 0.12
    3 N   -2 -1  6  0 -4  0 -1 -2  7 -4 -4 -1 -3 -3 -3  0 -1 -4 -1 -4    0   0  61   0   0   0   0   0  39   0   0   0   0   0   0   0   0   0   0   0  0.84 0.15
    4 N   -1  0  5  0 -3  3  0 -2 -1 -3 -3  3 -2 -4 -2  2  2 -4 -3 -3    0   0  33   0   0  14   0   0   0   0   0  23   0   0   0  16  13   0   0   0  0.42 0.15
    5 T   -1  1 -1 -2 -2 -1 -1 -3  5 -2 -3 -1 -2 -3 -2  2  5 -4 -1 -2    0  11   0   0   0   0   0   0  18   0   0   0   0   0   0  12  60   0   0   0  0.51 0.20
    6 T   -1  2 -1 -2 -2 -1 -2 -3 -2 -2 -2 -1 -2 -3 -2  1  6 -4 -3 -1    0  12   0   0   0   0   0   0   0   0   0   0   0   0   0   0  88   0   0   0  0.67 0.20
    7 G   -1 -4 -1 -2 -4 -3 -3  7 -3 -5 -5 -3 -4 -5 -3 -1 -3 -4 -5 -5    0   0   0   0   0   0   0 100   0   0   0   0   0   0   0   0   0   0   0   0  1.45 0.28
    8 F   -3 -4 -5 -4 -3 -4 -4 -5 -4  3  2 -4  0  4  5 -3 -3  4 -1  0    0   0   0   0   0   0   0   0   0  18  26   0   0  20  26   0   0   6   0   4  0.64 0.35
    9 T   -2  6 -1 -3 -4  0 -1 -3 -2 -4 -4  4 -3 -4 -3  0  3 -4 -3 -3    0  45   0   0   0   0   0   0   0   0   0  26   0   0   0   5  24   0   0   0  0.74 0.41
   10 R   -3  6 -1  1 -5  0 -1 -4  7 -5 -4  2 -3 -4 -3 -2  1 -5 -2 -4    0  42   0   7   0   0   0   0  29   0   0  13   0   0   0   0   9   0   0   0  0.79 0.42
   11 I   -3 -4 -5 -5 -3 -4 -5 -6 -5  4  5 -4  1  2 -5 -4 -3 -3 -2  1    0   0   0   0   0   0   0   0   0  31  57   0   0   7   0   0   0   0   0   5  0.74 0.44
   12 I   -3 -4 -5 -5 -3 -4 -5 -5 -4  4  2 -4  0  5 -5 -3  0 -2  2  2    0   0   0   0   0   0   0   0   0  32  16   0   0  27   0   0   8   0   5  12  0.58 0.44
   13 K    1 -1  4  2 -4 -1 -1 -2 -2 -4 -4  4 -3 -4 -3  2 -1 -4  0 -4   14   0  22  12   0   0   0   0   0   0   0  29   0   0   0  19   0   0   4   0  0.47 0.44
   14 A    5 -3  1 -2 -2 -2 -2 -1 -3 -3 -4 -2 -3 -4 -2  4 -1 -5 -3 -2   56   0   6   0   0   0   0   0   0   0   0   0   0   0   0  38   0   0   0   0  0.70 0.44
   15 A    4 -3 -3 -4 -2 -3 -3 -3 -3 -1  2 -3 -1  4 -3 -1  2 -3 -1 -1   42   0   0   0   0   0   0   0   0   0  22   0   0  21   0   0  15   0   0   0  0.45 0.44
   16 G   -2  2  2  0 -4 -1  1  4  2 -1 -4  0 -3  0 -4  1 -2 -4 -3 -3    0  10  11   5   0   0  12  32   6   7   0   4   0   5   0   9   0   0   0   0  0.36 0.44
   17 Y   -4 -3 -3 -5 -4 -3 -3 -5  5 -3 -2 -4 -2  5 -5 -3 -3  5  8 -3    0   0   0   0   0   0   0   0  17   0   0   0   0  17   0   0   0   7  59   0  1.27 0.44
   18 S    4 -3 -1 -2 -2 -2 -2 -1 -3 -3 -4 -2 -3 -4 -2  5  1 -5 -3 -2   40   0   0   0   0   0   0   0   0   0   0   0   0   0   0  55   5   0   0   0  0.72 0.44
   19 W   -3 -4 -5 -5 -3 -4 -4 -5 -4  1  5 -1  2  3 -5 -4 -3  6 -1  1    0   0   0   0   0   0   0   0   0   4  59   5   3  10   0   0   0   9   0  10  0.66 0.44
   20 K   -1 -1 -1  2 -4  2  3  1 -2 -4 -4  4 -3 -5 -3  0  2 -5 -4 -3    4   0   0  11   0   8  17   9   0   0   0  28   0   0   0   5  18   0   0   0  0.43 0.44
   21 G   -1 -4 -2 -3 -4 -3 -4  8 -4 -6 -6 -3 -5 -5 -4 -2 -3 -4 -5 -5    0   0   0   0   0   0   0 100   0   0   0   0   0   0   0   0   0   0   0   0  1.63 0.44
   22 L    0 -4 -5 -5 -3 -4 -5 -5 -4  4  4 -4  0  3 -5 -4 -2 -3 -2  0    9   0   0   0   0   0   0   0   0  33  48   0   0  11   0   0   0   0   0   0  0.63 0.44
   23 R    0  3 -3 -4  1 -2 -2 -1 -3  1 -1  4 -2  4 -4 -2  0  4 -1 -2    8  15   0   0   3   0   0   5   0  11   4  27   0  18   0   0   5   5   0   0  0.30 0.44
   24 A    4  2 -2 -3  2 -2 -2 -2 -2 -3 -3 -2 -2 -2 -3  1  3 -3  3 -2   40  13   0   0   5   0   0   0   0   0   0   0   0   0   0   8  23   0  11   0  0.45 0.44
   25 A    6 -3 -3 -4 -2 -3 -3 -2 -3 -2  1 -2 -1 -3 -3  0 -2 -4 -3 -1   81   0   0   0   0   0   0   0   0   0  19   0   0   0   0   0   0   0   0   0  0.74 0.44
   26 W   -3 -4 -4 -5 -3 -4 -4 -4 -3  0 -1 -4 -1  6 -4 -3 -3 10  3  2    1   0   0   0   0   0   1   1   0   6   1   0   0  34   0   1   1  33   5  15  1.13 0.40
   27 I   -3  4  0 -3 -4 -1 -2 -4 -3  2  1  5 -1 -3 -3 -2 -1 -4 -3 -2    0  22   5   0   0   0   0   0   0  16  17  36   0   0   0   0   4   0   0   0  0.45 0.44
   28 N   -2 -2  4 -1 -4 -1  4  2  4 -4 -4 -2 -3  0 -3 -1  1 -3  2 -4    0   0  21   0   0   0  28  15  10   0   0   0   0   4   0   0  11   0   8   0  0.44 0.42
   29 E   -2 -1 -2  0 -6  3  7 -4 -1 -5 -5  0 -3 -5 -3 -1 -2 -5 -4 -4    0   0   0   0   0  11  89   0   0   0   0   0   0   0   0   0   0   0   0   0  1.23 0.44
   30 A    4  4 -2 -3 -3  2 -2 -2 -2 -3 -3 -1  1 -4 -3  1  1 -4 -3 -2   41  23   0   0   0  11   0   0   0   0   0   0   6   0   0  11   8   0   0   0  0.47 0.44
   31 A    5 -3  5 -2 -3 -2 -2 -1 -2 -4 -4 -2 -3 -4 -3  1 -1 -5 -4 -2   59   0  34   0   0   0   0   0   0   0   0   0   0   0   0   7   0   0   0   0  0.73 0.44
   32 F   -3 -4 -5 -5 -4 -4 -5 -5 -3 -1  0 -4  5  8 -5 -4 -3 -1  1  1    0   0   0   0   0   0   0   0   0   0   0   0  23  66   0   0   0   0   0  11  1.06 0.44
   33 R   -3  8 -2 -3 -5  0 -1 -4 -2 -5 -4  2 -3 -5 -4 -2 -3 -5 -3 -4    0  93   0   0   0   0   0   0   0   0   0   7   0   0   0   0   0   0   0   0  1.38 0.44
   34 Q   -3 -1 -2 -3 -4  5 -1 -4  6  2 -2  3  2  0 -3 -2 -2 -4 -1 -2    0   0   0   0   0  33   0   0  21  17   0  17   7   6   0   0   0   0   0   0  0.54 0.44
   35 E   -3 -2 -2  2 -4 -1  4 -4  6  0 -1 -2 -2 -3 -3 -2 -3 -4 -2  0    0   0   0   9   0   0  35   0  22   6   5   0   0   0   0   0   0   0   0   7  0.40 0.48
   36 G    1 -4 -4 -4  4 -3 -4 -1 -4  0  2 -3 -1 -2 -4 -1  0 -4 -3  3   15   0   0   0   8   0   0   4   0   0  25   0   0   0   0   3   7   0   0  21  0.18 0.48
   37 V   -3 -4 -4 -5  2 -4 -4 -5 -4  3  2 -4 -1  3 -4 -3 -1  5 -1  3    0   0   0   0   5   0   0   0   0  19  19   0   0  12   0   0   4   7   0  19  0.32 0.48
   38 A    3 -3 -4 -4 -2 -3 -3 -3 -4  0  3 -3 -1 -2 -3  0  0 -4 -3 -1   34   0   0   0   0   0   0   0   0   5  36   0   0   0   0   4   4   0   0   0  0.27 0.48
   39 V    5 -3  2 -3 -2 -3 -3 -2 -3  0 -1 -3 -2 -3 -3 -1 -2 -4 -3  1   50   0  12   0   0   0   0   0   0   5   6   0   0   0   0   0   0   0   0  11  0.29 0.48
   40 L   -1 -4 -5 -5  2 -4 -4 -4 -4  1  5 -4  0  1 -4 -3 -3 -3 -2  0    7   0   0   0   5   0   0   0   0   5  56   0   0   6   0   0   0   0   0   5  0.40 0.48
   41 L    0 -4 -4 -4 -3 -3 -4 -4 -4  1  3 -4 -1  2  2 -2 -2 -3 -2  2    7   0   0   0   0   0   0   0   0   5  31   0   0  11   9   3   0   0   0  18  0.22 0.48
   42 A    2 -4 -4 -4  3 -3 -4 -1 -4  2  3 -3 -1 -2 -4 -2 -2 -4 -3  2   23   0   0   0   6   0   0   3   0   9  31   0   0   0   0   0   0   0   0  11  0.22 0.48
   43 V   -2 -4 -4 -4 -3 -4 -4 -1 -4  5  2 -4  0 -2 -4 -3 -2 -4 -3  3    0   0   0   0   0   0   0   6   0  43  12   0   0   0   0   0   0   0   0  23  0.43 0.48
   44 V   -1 -4 -4 -4  3 -3 -4 -4 -4  3  0 -3 -1 -3  4 -2  1 -4 -3  3    4   0   0   0   7   0   0   0   0  18   4   0   0   0  20   0   9   0   0  22  0.35 0.48
   45 I    1 -4 -4 -4  3 -3 -4 -4 -4  2  3 -4  3  3 -4 -3 -2 -3 -2  0   15   0   0   0   7   0   0   0   0  11  25   0   9  12   0   0   0   0   0   5  0.23 0.48
   46 A    3 -3 -2 -3  4 -3 -3  4 -3 -4 -4 -3 -3 -4 -3  1  0 -4 -4 -3   30   0   0   0   9   0   0  28   0   0   0   0   0   0   0  12   5   0   0   0  0.40 0.48
   47 C   -3 -4 -4 -5  3 -4 -4 -4 -3 -1  2 -4 -1  7 -4 -1 -3 -1  1 -2    0   0   0   0   7   0   0   0   0   0  17   0   0  53   0   6   0   0   0   0  0.65 0.48
   48 W   -3 -4 -5 -5 -3 -4 -4 -4 -3 -1  0 -4 -2  6 -5 -4 -3  8  3  1    0   0   0   0   0   0   0   0   0   0   5   0   0  36   0   0   0  21   6  15  0.79 0.48
   49 L   -3 -4 -4 -5 -3 -4 -4 -5 -4 -1  4 -4  0  5 -4 -3  1  5 -1 -1    0   0   0   0   0   0   0   0   0   0  46   0   0  22   0   0   9   7   0   0  0.47 0.48
   50 D    0 -2  2  3 -4  2 -1  2  3 -3 -4  1 -3 -4  0 -2 -2 -4 -3 -1    6   0   9  16   0  11   0  15   7   0   0  10   0   0   4   0   0   0   0   7  0.16 0.48
   51 V   -2 -3 -3 -3 -3  1  1 -4 -3  2  1  0 -1 -3 -3  0 -2 -4 -3  4    0   0   0   0   0   6   9   0   0  12   9   6   0   0   0   7   0   0   0  35  0.18 0.48
   52 D   -2 -3  1  3 -3 -2  1 -3 -3 -3 -4 -2 -3 -4 -3  3  4 -4 -3 -3    0   0   4  17   0   0   7   0   0   0   0   0   0   0   0  25  27   0   0   0  0.31 0.48
   53 A   -1  3 -2 -3 -4 -1  0 -1 -2 -3 -3  3 -3  2  1 -1 -1 -3 -2 -3    4  18   0   0   0   0   6   4   0   0   0  18   0  12   6   3   4   0   0   0  0.11 0.48
   54 I   -2 -4 -3 -4 -3 -3 -4 -1 -4  3  1 -3 -1  1 -4  1 -2 -3 -2  3    0   0   0   0   0   0   0   5   0  21  12   0   0   6   0  14   0   0   0  19  0.10 0.48
   55 T   -2 -2 -2  0 -4  0  6 -4 -2 -3 -1 -1 -3 -4 -3 -2  0 -4 -3 -3    0   0   0   0   0   0  62   0   0   0   7   0   0   0   0   0   7   0   0   0  0.53 0.48
   56 R   -3  3 -3 -4 -4  0 -2 -4  2  1  0  0 -2 -2 -4 -3 -3  8 -1 -2    0  19   0   0   0   4   0   0   5   9   9   6   0   0   0   0   0  20   0   0  0.33 0.48
   57 V    0 -3 -3 -4 -3 -3 -3  0 -4  2  2 -3 -1 -2 -3 -3 -2 -3 -3  1    9   0   0   0   0   0   0   6   0  12  22   0   0   0   0   0   0   0   0  10 -0.06 0.48
   58 L   -3 -3 -4 -4 -3 -3 -4 -4 -3  1  3 -3 -1  1  1 -3 -3 -3 -2 -1    0   0   0   0   0   0   0   0   0   9  38   0   0   6   7   0   0   0   0   0  0.07 0.48
   59 L   -3 -3 -4 -4 -3 -3 -4 -4 -3  2  4 -3  4 -2 -4 -3 -3 -3 -3 -1    0   0   0   0   0   0   0   0   0   9  37   0  14   0   0   0   0   0   0   0  0.14 0.48
   60 I   -2 -3 -3 -4 -3 -3 -3 -4 -4  4  1 -3 -1 -2 -3 -3  1 -3 -3  1    0   0   0   0   0   0   0   0   0  34  11   0   0   0   0   0   9   0   0   6  0.07 0.48
   61 S   -1 -3 -3 -3 -3 -3 -3  1 -3  2  2 -3 -1 -2 -3  0 -2 -3 -3 -1    5   0   0   0   0   0   0  11   0  16  20   0   0   0   0   9   0   0   0   0 -0.08 0.48
   62 S    0 -3 -2 -2 -2 -2 -2 -2 -3 -3 -3 -2 -3 -3  1  4  1 -4 -3 -1    7   0   0   0   0   0   0   0   0   0   0   0   0   0   6  33   9   0   0   5  0.03 0.48
   63 V   -2 -3 -3 -4  5 -3 -3 -4 -4  3  1 -3 -1 -2 -3 -1 -2 -3 -3  1    0   0   0   0  11   0   0   0   0  23  11   0   0   0   0   7   0   0   0   9  0.03 0.48
   64 M   -3 -3 -3 -4 -3 -3 -3 -4 -3 -1  1 -3  1  6 -4 -3  1 -2  0 -2    0   0   0   0   0   0   0   0   0   0  14   0   4  33   0   0   9   0   0   0  0.14 0.48
   65 L   -2 -3 -3 -4 -3 -3 -3  0 -3 -1  3 -3  4 -2 -4 -3 -2 -3 -3  0    0   0   0   0   0   0   0   7   0   0  31   0  15   0   0   0   0   0   0   7  0.05 0.48
   66 V    0 -3 -3 -3 -2 -3 -3 -3 -3  0 -2 -3 -2 -3 -3  1 -1 -4 -3  4    5   0   0   0   0   0   0   0   0   0   0   0   0   0   0  13   0   0   0  42  0.06 0.48
   67 M   -3 -3 -4 -4 -3 -3 -4 -4 -3  2  2 -3  3  1 -4 -3 -2 -3 -2  2    0   0   0   0   0   0   0   0   0   9  23   0   9   6   0   0   0   0   0  13  0.03 0.48
   68 I    1 -3 -3 -3 -2 -3 -3 -3 -3  2 -2 -3  2 -3 -3  1  1 -3 -3  1   15   0   0   0   0   0   0   0   0  16   0   0   6   0   0   9   7   0   0   6 -0.08 0.48
   69 V    1 -3 -3 -4 -2 -3 -3 -3 -3  0  1 -3 -1  0 -3 -2 -2 -3 -2  3   16   0   0   0   0   0   0   0   0   0  12   0   0   4   0   0   0   0   0  28 -0.02 0.48
   70 E   -2 -2 -2  0 -4  0  6 -3 -2 -4 -4 -1 -3 -4 -3 -2 -2 -4 -3 -4    0   0   0   0   0   0  65   0   0   0   0   0   0   0   0   0   0   0   0   0  0.53 0.48
   71 I   -1 -3 -4 -4 -3 -3 -4 -4 -4  1  4 -3  3 -2 -4 -3 -3 -3 -3 -1    5   0   0   0   0   0   0   0   0   4  49   0   7   0   0   0   0   0   0   0  0.20 0.48
   72 L   -3 -3 -4 -4 -3 -3 -4 -4 -3  2  3 -3  3  3 -4 -3 -3 -3 -1  1    0   0   0   0   0   0   0   0   0  11  25   0   9  13   0   0   0   0   0   7  0.10 0.48
   73 N   -3 -2  7 -1 -4 -2 -2 -2 -1 -4 -4 -2 -3 -4 -3 -1 -2 -4 -3 -4    0   0  65   0   0   0   0   0   0   0   0   0   0   0   0   0   0   0   0   0  0.62 0.48
   74 S   -1 -2 -1 -2 -2 -2 -2 -2 -3 -3 -3 -2 -3 -3 -2  4  4 -4 -3 -2    0   0   0   0   0   0   0   0   0   0   0   0   0   0   0  37  28   0   0   0  0.23 0.48
   75 A    5 -3 -3 -3 -2 -2 -2 -2 -3 -3 -3 -2 -3 -3 -2  1 -2 -4 -3 -2   58   0   0   0   0   0   0   0   0   0   0   0   0   0   0   6   0   0   0   0  0.28 0.48
   76 I   -2 -4 -4 -4 -2 -3 -4 -4 -4  6  0 -3  0 -2 -3 -3 -2 -3 -3  2    0   0   0   0   0   0   0   0   0  56   0   0   0   0   0   0   0   0   0   9  0.27 0.38
   77 E   -2 -1 -1  1 -6  1  7 -4 -1 -5 -5  0 -4 -5 -2 -1 -2 -5 -4 -4    0   0   0   0   0   0 100   0   0   0   0   0   0   0   0   0   0   0   0   0  1.27 0.38
   78 A    4  1  3 -1 -3 -1  2 -2 -2 -3 -3  0 -3 -4 -3  0  0 -5 -3 -1   45  10  17   0   0   0  16   0   0   0   0   5   0   0   0   0   4   0   0   3  0.41 0.38
   79 V    2 -4 -4 -4  3 -3 -4 -4 -4  2  0 -3 -1 -2 -3 -2  1 -4 -3  5   20   0   0   0   6   0   0   0   0   9   7   0   0   0   0   0  10   0   0  48  0.46 0.38
   80 V   -2 -4 -5 -5 -2 -4 -4 -5 -5  3  0 -4  0 -2 -4 -3 -1 -5 -3  6    0   0   0   0   0   0   0   0   0  13   0   0   0   0   0   0   0   0   0  87  0.87 0.38
   81 D   -3 -3  0  8 -5 -1  2 -3 -2 -5 -5 -2 -5 -5 -3 -1 -2 -6 -5 -5    0   0   0  93   0   0   7   0   0   0   0   0   0   0   0   0   0   0   0   0  1.43 0.38
   82 R   -2  6 -2 -3 -3 -1 -2 -3  2 -1  1  0 -1  0 -3 -2 -2 -3 -2  1    1  52   1   1   0   1   1   1   5   1  14   1   0   6   1   1   1   0   1  11  0.47 0.31
   83 I    0 -4 -4 -4 -2 -3 -4 -4 -4  5  2 -3  0 -1 -4 -2  2 -3  1  2   10   0   0   0   0   0   0   0   0  37  17   0   0   0   0   0  16   0   7  13  0.41 0.38
   84 G    2 -3 -1 -2 -3 -2 -2  4 -3 -4 -4 -2 -3 -4 -3  4  2 -4 -4 -3   17   0   0   0   0   0   0  33   0   0   0   0   0   0   0  34  16   0   0   0  0.60 0.38
   85 S    0 -2  2 -1 -3 -1  1 -3 -2 -3 -1 -2 -3 -4  5  3  3 -5 -4 -3    3   0  12   0   0   0  10   0   0   0   7   0   0   0  23  28  17   0   0   0  0.52 0.38
   86 E   -2 -1 -1  3 -5  3  6 -4  2 -5 -4 -1 -3 -4 -3 -1 -2 -4  1 -4    0   0   0  15   0  10  64   0   5   0   0   0   0   0   0   0   0   0   6   0  0.86 0.38
   87 Y   -3  1 -3 -4 -4 -2 -3 -5  3  2 -2  0 -2  3 -4 -3 -3  5  7 -2    0  11   0   0   0   0   0   0   6  16   0   5   0   8   0   0   0   6  47   0  0.75 0.38
   88 H   -2 -2 -1 -2 -3 -1 -1 -3  9  0 -3 -2 -2 -2 -3  2 -2 -4  0 -3    1   0   0   0   0   0   1   1  66  10   1   0   0   0   0  17   0   0   0   1  0.97 0.35
   89 E   -1 -2 -2  2 -4  2  5 -3 -2 -4 -3 -1  2 -4  3  0 -2 -5 -4 -3    3   0   0  10   0   8  48   0   0   0   0   0   9   0  15   7   0   0   0   0  0.65 0.38
   90 L   -3 -3 -4 -4 -3 -2  0 -5 -4  0  5 -1  3  2 -4 -3 -2 -3 -2  1    0   0   0   0   0   0  10   0   0   0  59   6   9   8   0   0   0   0   0   7  0.50 0.38
   91 S    4 -3 -2 -3 -2 -2 -2  2 -2 -3 -4 -2 -3 -3 -3  3 -1 -3  2 -2   47   0   0   0   0   0   0  16   0   0   0   0   0   0   0  28   0   0   8   0  0.54 0.38
   92 G   -2  3 -2 -3 -4 -1 -1  4 -2 -4 -3  5  2 -4 -3 -2 -2 -4 -4 -4    0  12   0   0   0   0   0  31   0   0   0  49   8   0   0   0   0   0   0   0  0.65 0.38
   93 R   -3  6  4 -2 -5  0 -1 -3  3  1 -3  3 -2 -4 -4 -2 -2 -5 -3 -3    0  44  22   0   0   0   0   0   7  12   0  15   0   0   0   0   0   0   0   0  0.62 0.38
   94 A    7 -3 -3 -3 -2 -2 -2 -1 -3 -3 -3 -2 -2 -4 -2  0 -1 -4 -3 -1  100   0   0   0   0   0   0   0   0   0   0   0   0   0   0   0   0   0   0   0  0.93 0.38
   95 K   -2  1 -1 -2 -5  0  0 -3 -2 -4 -4  7 -3 -5 -2 -1 -2 -5 -3 -4    0   0   0   0   0   0   0   0   0   0   0 100   0   0   0   0   0   0   0   0  1.11 0.38
   96 D   -3 -3  1  8 -5 -1  1 -2 -2 -5 -5 -2 -5 -5 -3 -1 -2 -6 -5 -5    0   0   0 100   0   0   0   0   0   0   0   0   0   0   0   0   0   0   0   0  1.40 0.28
   97 M   -2 -3 -4 -5 -2 -2 -3 -4 -3  1  4 -3  7  0 -4 -3 -2 -2 -2  0    0   0   0   0   0   0   0   0   0   0  40   0  60   0   0   0   0   0   0   0  0.66 0.20
   98 G    3 -3 -1 -2 -3 -2 -3  6 -3 -4 -4 -2 -3 -4 -3  0 -2 -4 -4 -3   27   0   0   0   0   0   0  73   0   0   0   0   0   0   0   0   0   0   0   0  0.89 0.16
   99 S    1 -1  0 -1 -2 -1 -1 -1 -2 -3 -3 -1 -2 -3 -2  6  1 -4 -3 -3    0   0   0   0   0   0   0   0   0   0   0   0   0   0   0 100   0   0   0   0  0.67 0.16
  100 A    3 -3 -3 -4 -2 -3 -3 -2 -2 -1 -1 -3 -1  7 -3 -1 -2  0  2 -1   37   0   0   0   0   0   0   0   0   0   0   0   0  63   0   0   0   0   0   0  0.51 0.11
  101 A    6 -2 -2 -3 -1 -1 -1  0 -2 -2 -2 -1 -2 -3 -1  1  0 -3 -3 -1  100   0   0   0   0   0   0   0   0   0   0   0   0   0   0   0   0   0   0   0  0.57 0.11
  102 V   -1 -4 -4 -4  8 -3 -4 -4 -4  1  0 -3  0 -2 -3 -2 -1 -4 -2  4    0   0   0   0  41   0   0   0   0   0   0   0   0   0   0   0   0   0   0  59  0.64 0.11
  103 L   -2 -2 -3 -3 -2 -2 -2 -3 -3  1  5 -2  2  0 -2 -2 -1 -2 -1  0    2   1   1   1   0   1   1   2   0   1  80   1   0   1   1   2   1   0   1   1  0.38 0.09
  104 I   -1 -2 -2 -2  6 -2 -2 -2 -2  3  0 -2  0 -1 -1 -1 -1 -2 -1  1    3   2   2   2  22   2   3   3   1  40   4   2   1   2   2   3   2   1   1   3  0.20 0.07
  105 A    3 -1 -1 -1 -1 -1 -1 -1 -1  0  2 -1  0 -1 -1  0  0 -1 -1  0   41   2   2   2   1   2   3   3   1   2  25   2   1   2   2   3   2   1   1   3  0.12 0.07
  106 I   -1 -2 -2 -2 -1 -2 -2 -2 -2  5  1 -2  1  0 -1 -1 -1 -2 -1  2    3   2   2   2   1   2   3   3   1  61   4   2   1   2   2   3   2   1   1   3  0.18 0.07
  107 I   -1 -2 -2 -2 -1 -1 -2 -2 -2  4  2 -2  1  0 -1 -1 -1 -1 -1  1    3   2   2   2   1   2   3   3   1  40  25   2   1   2   2   3   2   1   1   3  0.15 0.07
  108 V    2 -1 -1 -2 -1 -1 -1 -1 -2  1  0 -1  0 -1 -1  0  0 -2 -1  3   24   2   2   2   1   2   3   3   1   2   4   2   1   2   2   3   2   1   1  40  0.12 0.07
  109 A    4 -1 -1 -1 -1 -1 -1  0 -1 -1 -1 -1 -1 -2  0  1  0 -2 -1  0   62   2   2   2   1   2   3   3   1   2   4   2   1   2   2   3   2   1   1   3  0.24 0.07
  110 V   -1 -1 -2 -2 -1 -1 -1 -2 -1  1  0 -1  0  1 -1 -1  0  0  4  3    3   2   2   2   1   2   3   3   1   2   4   2   1   2   2   3   2   1  22  40  0.15 0.07
  111 I    2 -1 -2 -2 -1 -1 -1 -1 -2  3  0 -1  0 -1 -1  0  0 -2 -1  1   24   2   2   2   1   2   3   3   1  40   4   2   1   2   2   3   2   1   1   3  0.10 0.07
  112 T    0 -1 -1 -1 -1 -1 -1 -1 -1  0  2 -1  0 -1 -1  0  4 -1 -1  0    3   2   2   2   1   2   3   3   1   2  25   2   1   2   2   3  40   1   1   3  0.15 0.07
  113 W   -2 -2 -3 -3 -2 -2 -2 -3 -1 -2 -1 -2 -1  4 -3 -2 -2 10  5 -2    2   1   1   1   0   1   1   1   0   1   2   1   0  22   1   1   1  38  22   1  0.94 0.09
  114 C   -1 -4 -4 -5 10 -4 -4 -4 -4  0 -1 -4 -1 -3 -4 -2 -1 -3 -3  2    0   0   0   0  79   0   0   0   0   0   0   0   0   0   0   0   0   0   0  21  1.13 0.11
  115 I   -2 -4 -4 -4 -2 -3 -4 -5 -4  5  4 -4  1  0 -4 -3 -1 -3 -2  2    0   0   0   0   0   0   0   0   0  58  42   0   0   0   0   0   0   0   0   0  0.50 0.11
  116 L   -2 -3 -4 -5 -2 -3 -4 -5 -3  3  4 -4  1  4 -4 -3 -2 -2  0  1    0   0   0   0   0   0   0   0   0  20  59   0   0  21   0   0   0   0   0   0  0.47 0.11
  117 L   -2 -3 -4 -5 -2 -3 -4 -5 -4  2  5 -3  2  0 -4 -3 -2 -3 -2  2    0   0   0   0   0   0   0   0   0   0  80   0   0   0   0   0   0   0   0  20  0.52 0.11
  118 W    4 -3 -3 -3 -2 -2 -2 -1 -3 -2 -2 -2 -2 -1 -2  0 -1 10  0 -2   63   0   0   0   0   0   0   0   0   0   0   0   0   0   0   0   0  37   0   0  0.89 0.11
  119 S   -1  3  5  0 -3  0 -1 -1  0 -4 -4  0 -2 -4 -2  3  0 -4 -3 -3    0  21  42   0   0   0   0   0   0   0   0   0   0   0   0  37   0   0   0   0  0.49 0.11
  120 H   -1 -2 -1 -2 -4 -1 -2  4  7 -3 -3 -2 -2  3 -3 -1 -2 -2  1 -3    0   0   0   0   0   0   0  42  37   0   0   0   0  21   0   0   0   0   0   0  0.58 0.11
  121 F   -3 -4 -4 -5 -3 -4 -4 -4 -2  0  3 -4  1  7 -4 -3 -3  0  2 -1    0   0   0   0   0   0   0   0   0   0  31   0   0  69   0   0   0   0   0   0  0.69 0.11
  122 G    0 -3 -1 -2 -3 -2 -3  7 -3 -5 -5 -2 -4 -4 -3 -1 -2 -3 -4 -4    0   0   0   0   0   0   0 100   0   0   0   0   0   0   0   0   0   0   0   0  1.17 0.08

                      K         Lambda
Standard Ungapped    0.1363     0.3269
Standard Gapped      0.0410     0.2670
PSI Ungapped         0.1785     0.3176
PSI Gapped           0.0546     0.2670
