
Last position-specific scoring matrix computed
           A  R  N  D  C  Q  E  G  H  I  L  K  M  F  P  S  T  W  Y  V
    1 S    1 -1  1  0 -1  0  0  0 -1 -2 -2  0 -1 -2 -1  4  1 -3 -2 -2 
    2 T    0 -1  0 -1 -1 -1 -1 -2 -2 -1 -1 -1 -1 -2 -1  1  5 -2 -2  0 
    3 G    0 -2  0 -1 -3 -2 -2  6 -2 -4 -4 -2 -3 -3 -2  0 -2 -2 -3 -3 
    4 F   -2 -3 -3 -3 -2 -3 -3 -3 -1  0  0 -3  0  6 -4 -2 -2  1  3 -1 
    5 H   -2  0  1 -1 -3  0  0 -2  8 -3 -3 -1 -2 -1 -2 -1 -2 -2  2 -3 
    6 H   -2  0  1 -1 -3  0  0 -2  8 -3 -3 -1 -2 -1 -2 -1 -2 -2  2 -3 
    7 A    4 -1 -2 -2  0 -1 -1  0 -2 -1 -1 -1 -1 -2 -1  1  0 -3 -2  0 
    8 D   -2 -2  1  6 -3  0  2 -1 -1 -3 -4 -1 -3 -3 -1  0 -1 -4 -3 -3 
    9 H   -2 -1  0 -2 -3  0 -1 -2  8 -2 -2 -1 -2  0 -2 -1 -2  0  5 -2 
   10 V    2 -2 -1 -2 -1 -1 -1 -1 -2  2  0 -1  0 -1 -2  2  0 -3 -2  2 
   11 N   -1 -1  3 -1 -2 -1 -1 -2 -1  0  3 -1  0 -1 -2  1  0 -3 -2  0 
   12 Y   -2 -1  0 -2 -2 -1 -1 -3  7  0 -1 -2 -1  0 -2 -2 -2 -1  4  1 
   13 S   -1 -3 -2 -2 -2 -2 -2 -2 -1  0  0 -2  0  6 -3  1 -1  0  2 -1 
   14 S    0  0  0  0 -2  0  0  0 -1 -2 -2  2 -1 -2 -1  4  0 -3 -2 -2 
   15 N    1 -1  3  3 -2  0  0 -1 -1 -1 -1 -1  4 -2 -2  0 -1 -3 -2 -1 
   16 L    0 -2 -1 -2 -2 -1 -2 -2 -2  0  2 -1  5 -1 -2  3  0 -3 -2  0 
   17 N   -1 -1  5  3 -3  0  0 -1 -1 -4 -4  1 -3 -4 -2  2 -1 -4 -3 -3 
   18 K   -2  0  2 -1 -4  0  0 -3 -2 -4 -3  6 -2 -4 -2  0  0 -4 -3 -3 
   19 E    1 -1 -1 -1 -3  0  3 -2 -2  0 -2  2 -2 -3  0  0  2 -4 -3 -1 
   20 E    0 -1 -1  1 -3  0  5 -3 -1 -2  0  0 -2 -3 -2  0  1 -4 -3 -2 
   21 I   -2  1  0 -3 -3  1 -1 -3 -2  0  1  1  0  2 -3 -2 -2 -2  2  0 
   22 L   -3 -3 -3 -4 -3 -2 -3 -4  0 -2  0 -3 -2  3 -4 -3 -3  0  9 -2 
   23 E    2  0 -1  2 -2  3  2 -2 -2 -3 -3 -1 -2 -3 -2  1  0 -4 -3 -2 
   24 Q   -1  1  0  2 -3  1  1 -3 -2 -1  2 -1  1 -2 -3  0 -2  3 -2 -2 
   25 L    0 -3 -4 -5 -2 -3 -4 -4 -4  0  5 -3  3 -1 -4 -3 -2 -3 -2  2 
   26 L    0 -1  2 -2 -2 -1  0 -3 -2  0  2  2  0 -2 -3 -1  0 -4 -2  0 
   27 L    0  1 -1  0 -3 -1  0 -3 -2  0  0  4 -1 -3  0 -1  0 -4 -3 -2 
   28 S   -2  0 -1  1 -4  6  2 -3 -1 -3 -3  0  1 -4 -2  0  0 -3 -2 -3 
   29 Y    1 -3  1 -3 -2 -3 -3 -3 -3  2  3 -3  0  1 -3 -2 -2 -3  0  1 
   30 E    0  0  0  0  0  1  4 -2 -1 -3 -3  3 -2 -4 -2  0 -2 -4 -3 -1 
   31 G    3 -2 -2 -2 -2  0  0  1 -2 -2 -2  0 -2  0 -2  2 -1 -4 -2  0 
   32 L   -2 -3 -4 -5 -2 -3 -4 -5 -4  2  5 -3  2 -1 -4 -3 -2 -3 -2  1 
   33 S   -2 -3 -4 -4 -2 -3 -4 -4 -4  3  4 -3  2  1 -4 -1 -2 -3 -1  2 
   34 D    2 -1 -1  2 -3  1  3 -2  3 -3 -3  0 -2 -3 -2  0 -1 -4 -2 -2 
   35 G   -1  0  0  3 -4 -1  1  5 -2 -3 -4 -2 -3 -4  0 -1 -2 -4 -4  0 
   36 Q    0 -1 -1  0 -4  3  6  0 -1 -4 -4  0 -3 -4 -2 -1 -2 -4 -3 -3 
   37 V    0  0  0 -2 -3 -1  0  0  1 -2 -3  2 -2 -3  1  1  3 -4 -3  0 
   38 N   -3 -1  6  4 -4 -1  0 -1  1 -4 -4 -1 -3 -3 -3  0 -1 -4  1 -4 
   39 W    0 -1 -3 -3 -2 -2 -3 -3 -3  0  2 -2  1  2  0  0  0  5 -1  0 
   40 V   -2 -4 -4 -4 -2 -3 -4 -5 -4  5  2 -3  0  1 -4 -3  0 -3 -1  2 
   41 C    4 -2 -2 -3  2 -2 -2  0 -3  0 -2 -2 -2 -3 -2  1  2 -4 -3 -1 
   42 N   -2  1  6  1 -3 -1 -1  0 -1 -1 -3  0 -2 -4 -3  1  1 -4 -3 -3 
   43 L    0 -3 -4 -5 -2 -2 -4 -4 -4  0  5 -3  4 -1 -4 -2 -2 -3 -2  0 
   44 S    4 -2 -1  1  3 -1 -1 -1 -3 -2 -2 -2 -2 -3 -2  3 -1 -4 -3 -2 
   45 N   -3 -1  8  0 -4  0 -1 -1  0 -4 -4 -1 -3 -4 -3  0  0 -5 -3 -4 
   46 A    2 -2 -2 -3 -1 -2 -2 -2 -3  0  1 -2  1  0 -2  0  4 -3 -2  1 
   47 S    3 -2 -1 -2 -1 -1 -1 -1 -2 -2 -2 -1 -2 -3 -2  4  0 -4 -3  0 
   48 S    5 -2 -2 -2 -1 -1 -1 -1 -3 -2 -2 -1 -2 -3 -2  3  0 -4 -3 -1 
   49 L   -2 -3 -4 -5 -2 -3 -4 -5 -4  1  5 -3  2  1 -4 -3 -2 -3 -1  1 
   50 I   -2 -3 -4 -5  2 -3 -4 -5 -4  3  4 -3  2 -1 -4 -3 -2 -3 -2  0 
   51 W   -1  1  3 -2 -3 -1 -2 -2 -1 -2 -2  0 -2  4 -4 -2 -2  7  4 -3 
   52 H   -2 -1  0  0 -4  3  3  0  4 -3 -3 -1  2 -2 -2 -1 -2 -3  1 -3 
   53 A    1  1  0 -1 -2 -1  1 -2  1  0 -2 -1 -2  1 -3  0  0 -2  2 -1 
   54 Y   -2 -3 -4 -5 -2 -2 -4 -5 -3  0  4 -3  4  2 -4 -3 -2 -2  1  0 
   55 K   -2  0  4  1 -4  0  0  1 -1 -4 -4  2 -3 -4  1  0 -1 -4 -3 -3 
   56 S    0  0  2 -1 -2 -1  0  1 -1 -3 -3 -1 -2 -3 -2  3  0  4 -2 -3 
   57 L   -2  0 -2 -3 -3 -1 -2 -3  2 -1  0  0  1  4 -3  1 -2 -1  3 -2 
   58 A    0 -3  1 -3  3 -2 -3 -3 -3  1  1 -3  2  2 -3 -2 -1 -2 -1  2 
   59 V   -1 -2  0 -2 -3 -2 -2  0 -2 -2 -3 -2 -2 -4  5  0  3 -4 -3  0 
   60 D   -2  1  3  4 -4  0  2 -2 -1 -4 -4  1 -3 -3 -2 -1 -2 -4  0 -3 
   61 I    0 -3 -3 -4 -2  0 -3 -4 -2  3  2 -3  0 -1 -3 -2  0 -2  3  2 
   62 N   -2 -1  6  2 -4 -1  1 -1  0 -2 -3 -1 -2 -4 -3  0 -1 -5 -3  0 
   63 W   -4  0 -4 -5 -3 -2 -3 -3 -2 -4 -3 -3 -2  1 -5 -4 -3 12  2 -4 
   64 A    2 -3 -3 -3  4 -3 -3 -3 -3  0 -1 -3 -1  0 -3 -1  0 -3 -2  4 
   65 G   -1 -3 -1 -2 -4 -3 -3  7 -3 -5 -5 -3 -4 -4 -3  0 -2 -3 -4 -4 
   66 F   -3 -4 -4 -4 -3 -4 -4 -4 -2  0  0 -4  0  8 -5 -3 -3  0  1  0 
   67 Y   -3 -3 -3 -4 -3 -2 -3 -4  0 -2 -2 -3 -2  3 -4 -3 -3  0  9 -2 
   68 V   -2 -3 -4 -5 -2 -3 -4 -5 -4  1  4 -3  0  2 -4 -3 -2 -2 -1  2 
   69 T   -2 -3 -1 -4 -2 -3 -3 -4 -2  1  3 -3  2  2 -3 -2  0 -2  2  2 
   70 Q    0  0  1  5 -4  3  1 -2 -1 -4 -4  1 -2 -4 -2  0 -1 -4 -3 -3 
   71 A    1  1  0 -2 -3 -1 -1  3 -2 -3 -3  1 -2 -3  0  0  0 -3 -3 -2 
   72 S    1  2 -1  0 -3  0  1 -2 -2 -3 -3  2 -2 -3  0  2  0 -4 -3 -2 
   73 E   -2  1  0  0 -4  1  5 -3 -1  0 -3  0 -2 -3 -2  0 -1 -4 -3 -2 
   74 E   -2  1  1  3 -4  0  3  0  1 -4 -4  0 -3 -3 -2  1  0 -4 -3 -3 
   75 N   -2  1  5  2 -4 -1 -1  3 -1 -4 -4 -1 -3 -4 -2  0 -1 -4 -3 -4 
   76 T   -1  0 -1 -1 -3  1  3 -3 -1 -2  0  3 -1 -2 -2 -1  1 -3  1  0 
   77 L   -2 -3 -4 -5 -2 -3 -4 -5 -4  0  6 -3  0 -1 -4 -3 -2 -3 -2  0 
   78 I    0 -2 -3 -3 -2 -2 -2 -4 -3  3  0  2  0 -2 -3 -2 -1 -4 -2  5 
   79 L    0 -3 -4 -5 -2 -3 -4 -4 -4  0  5 -3  0 -1 -4 -2 -2 -3 -2  1 
   80 G    0 -2 -1 -1 -3 -2  0  6 -3 -4 -4 -2 -3 -4 -3 -1  0 -3 -4 -3 
   81 P    0 -3 -3 -2 -3 -2 -2 -3 -3 -2 -3 -2 -2 -4  7 -2 -2 -5 -4  0 
   82 F   -3 -4 -4 -4 -3 -4 -4 -4 -2 -1 -1 -4 -1  8 -5 -3 -3  0  2 -2 
   83 Q   -2  0  1 -1 -4  7  0 -3 -1 -2 -2  0 -1 -4 -2 -1 -2 -3 -2  0 
   84 G   -1 -3 -1 -2 -4 -3 -3  7 -3 -5 -5 -3 -4 -4 -3 -1 -3 -3 -4 -4 
   85 K   -2  1 -1  1 -3  0  1 -1  0 -2  0  4  0 -3  0  0  0 -4 -3 -2 
   86 V   -1 -3 -3 -3 -3 -2 -2 -4 -3  1  0  0  0 -2  5 -2  0 -4 -3  3 
   87 A    4 -2 -2 -2 -1 -2  0  0 -3 -2  0 -2 -1 -3 -2  1  1 -4 -3 -1 
   88 C   -1 -2 -3 -3 10 -3 -3 -4  4 -2 -2  0 -2 -3 -4 -2 -2 -3 -2 -2 
   89 Q   -1 -3 -2 -2 -2  0  1 -4 -3  2  0 -2  0 -2 -3  0  2 -4 -2  4 
   90 M   -2  5 -1  0 -4  0  2 -3  2 -3 -3  1  0 -3 -3 -2 -2 -4 -2 -1 
   91 I   -2 -4 -4 -4 -2 -4 -4 -5 -4  7  0 -4  0 -1 -4 -3 -2 -4 -2  2 
   92 Q    0  0  1 -2 -3  0 -1  0 -2 -1 -3  2 -2 -4  6 -1 -2 -4 -3 -2 
   93 F   -2 -4 -4 -4 -2 -3 -4 -4 -3  2  2 -3  1  4 -4 -3 -2 -2  1  3 
   94 G   -1 -3 -1  0 -4 -3 -3  7 -3 -5 -5 -3 -4 -4 -3  0 -3 -3 -4 -4 
   95 K   -2  4 -1  1 -4  2  0 -3 -1 -3 -3  5 -2 -4 -2 -1 -2 -4 -3 -1 
   96 G   -1 -3 -1 -2 -4 -3 -3  7 -3 -5 -5 -3 -4 -4 -3 -1 -3 -3 -4 -4 
   97 V   -1 -4 -4 -4 -2 -3 -3 -4 -4  3  1 -3  0 -2 -3 -3 -1 -4 -2  6 
   98 C    0 -4 -4 -4 11 -4 -5 -4 -4 -2 -2 -4 -2 -3 -4 -2 -2 -3 -3 -2 
   99 G   -1 -3 -1 -2 -4 -3 -3  7 -3 -5 -5 -3 -4 -4 -3  0 -2 -3 -4 -4 
  100 T    0 -2 -1 -2 -2  1  1 -3 -1 -2  0 -1 -1 -1 -2  0  4 -2  3 -1 
  101 A    5 -2 -3 -3 -1 -2 -2 -1 -3 -1 -2 -2 -2 -3 -2  1  0 -4 -3  1 
  102 A    4 -3 -4 -4 -1 -2 -2 -2 -3  0 -1 -2 -1  0 -3 -1 -1  5 -2  3 
  103 S    2  1 -1 -2 -2  2  1 -2  1 -2  0  2 -1 -3 -2  1 -1 -4 -2 -2 
  104 T   -1  1  0  1 -3  0  1 -3 -2 -3 -1  2 -2  0 -2  0  3 -3 -2 -2 
  105 K   -2  2  3 -1 -4  1  0  4 -1 -4 -4  1 -3 -4 -3 -1 -2 -4 -3 -4 
  106 E   -2  2 -1  0 -4  2  3 -1 -1 -3 -2  2 -2 -4 -2 -1  2 -4 -3 -3 
  107 T   -1 -3 -2 -2 -2 -2 -2 -3 -3  2 -1 -2 -1 -2 -2  1  5 -3 -3  2 
  108 Q   -2 -2 -2 -2 -3  4 -1 -2 -2  1 -1 -1  3  0 -3 -2  0 -3  0  3 
  109 I   -2  3  2 -3  1 -2 -2 -3 -2  2  0 -1 -1 -2 -3 -2 -1 -4 -2  2 
  110 V   -1 -4 -4 -3 -2 -3  0 -4 -4  4  0 -3  0 -2 -3 -3 -1 -4 -2  5 
  111 P   -1  0  0  2 -4  1  2  0 -1 -2 -3  0 -2 -2  0 -1 -2 -3  2  0 
  112 D   -3 -3  3  7 -4 -1  0 -2 -1 -4 -5 -2 -4 -4 -2  0 -2 -5 -4 -4 
  113 V    0 -4 -4 -4 -2 -3 -3 -4 -4  1  0 -3  0 -2 -3 -3 -1 -4 -2  6 
  114 N   -2  0  2  0 -4  1  0 -2  8 -4 -4  1 -3 -3 -3  0  0 -3  0 -4 
  115 K    2 -1 -1  1 -3  3  0 -2 -2 -3 -3  2 -2 -4 -2  0  1 -4 -3 -2 
  116 Y   -3 -2  0 -3 -3 -2  0 -3  5 -2 -2 -3 -2  6 -4 -2 -3  0  4 -2 
  117 P    0 -2 -2  0 -4 -1  0 -3 -3 -3 -2  0 -2 -4  7 -1  0 -5 -4 -2 
  118 G   -2 -1  3  1 -4 -2 -1  5 -2 -5 -4  2 -3 -4 -3 -1 -2 -4 -4 -4 
  119 H   -3 -1  0 -2 -4 -1 -1 -3  9 -3 -3 -2 -3  0 -3 -2 -3 -1  5 -3 
  120 I   -2 -4 -4 -4 -2 -4 -4 -5 -4  6  2 -4  0 -1 -4 -3 -2 -4 -2  1 
  121 A    5 -2 -2 -3 -1 -2 -2 -1 -3 -2  0 -2 -1 -3 -2  2 -1 -4 -3 -1 
  122 C   -1 -4 -4 -4 11 -4 -5 -4 -4 -2 -2 -4 -2 -3 -4 -2 -2 -3 -3 -2 
  123 D   -2 -3  0  6 -4 -1  0 -2 -2 -3 -4 -2 -3  2 -2  0 -2 -3 -2 -3 
  124 G    3 -2 -1 -2 -2 -2 -2  1 -3 -3 -3 -2 -2 -3  3  3 -1 -4 -3 -2 
  125 E    4  0  0  0 -2 -1  0 -1 -2 -2  0  0 -1 -3 -2  1 -1 -4 -3 -1 
  126 T    2 -2  0 -1 -2 -1 -1 -1 -2 -2 -2 -1 -2 -3 -2  5  2 -4 -3 -2 
  127 K    0  2  3 -1 -3  3  0 -2 -1 -3 -2  3  1 -4 -2  0 -1 -4 -3 -3 
  128 S    1 -2  0 -1 -2 -1 -1 -1 -2 -3 -3 -1 -2 -3 -2  6  0 -4 -3 -3 
  129 E   -2 -1 -1  0 -5  0  7 -3 -1 -4 -4  0 -3 -4 -2 -1 -2 -4 -3 -3 
  130 I   -2 -4 -4 -4 -2 -4 -4 -5 -4  6  2 -4  0 -1 -4 -3 -2 -4 -2  2 
  131 V    0 -4 -4 -4 -2 -3 -3 -4 -4  1  0 -3  0 -2 -3 -3 -1 -4 -2  6 
  132 V   -1 -4 -4 -4 -2 -3 -3 -4 -4  3  2 -3  0 -1 -3 -3 -1 -4 -2  5 
  133 P   -2 -3 -3 -2 -4 -2 -2 -3 -3 -4 -4 -2 -3 -5  8 -2 -2 -5 -4 -3 
  134 I   -2 -3 -4 -4 -2 -3 -4 -5 -4  5  3 -3  3 -1 -4 -3 -2 -3 -2  2 
  135 I   -2  0 -3 -4 -2 -3 -3 -4 -3  2  1 -3  3  4 -4 -2  0 -2  0  3 
  136 S   -1  1 -1  2 -3  1  0  0 -2  0 -2  2 -1 -3 -2  1 -1 -4 -3  0 
  137 N   -2  0  3  2 -4 -1  0 -1 -1 -1 -3  3 -2 -2  0 -1 -2 -3  1  0 
  138 D   -3 -2  5  5 -4  1  1  0 -1 -4 -4 -1 -3 -4 -2  0 -2 -5 -3 -4 
  139 G   -1 -3  0 -1 -4 -2  0  7 -2 -5 -5 -2 -4 -4 -3 -1 -3 -3 -4 -4 
  140 K   -2  2 -1 -2 -4  3  1 -1  0 -2 -3  4 -2 -4 -2  0  0 -4 -2  0 
  141 T   -1 -3 -4 -4  2 -3 -3 -4 -4  3  2 -3  1 -1  0 -3  0 -4 -2  3 
  142 L   -1 -3 -4 -4 -2 -3 -3 -4 -3  5  2 -1  0  1 -4 -3 -2 -3  0  3 
  143 G    2 -3 -1 -2 -3 -3 -3  6 -3 -4 -4 -3 -3 -4 -3 -1 -2 -3 -4 -3 
  144 V   -1 -3 -3 -2 -2 -2  1 -4 -3  1  0 -2  0 -2 -3 -3 -1 -4 -2  6 
  145 I    0 -3 -4 -5 -2 -3 -4 -4 -4  3  5 -3  0  0 -4 -3 -2 -3 -2  0 
  146 D   -3 -3  0  7 -4 -1  2 -2 -2 -4 -5 -2 -4 -4 -2 -1 -2 -5 -4 -4 
  147 I    0 -3 -4 -4 -2 -3 -4 -5 -4  5  3 -3  0 -1 -4 -3 -2 -4 -2  2 
  148 D   -3 -3  0  7  3 -1  1 -2 -2 -4 -5 -2 -4 -4 -2 -1 -2 -5 -4 -4 
  149 C    0 -2  2 -1  1 -1 -1 -1 -2 -3 -3 -1 -2 -3 -2  6  0 -4 -3 -3 
  150 L   -2 -2 -1  1 -3 -1  1 -3 -2 -1 -1  0 -2 -3  5  0  1 -4  0 -2 
  151 D    0  0  0  0 -3 -1  1 -3  0  1  0  0 -1 -2 -3  0  1 -3  0  1 
  152 Y   -2 -2  1 -3  0 -2 -2 -4 -2  2  1  0  1  2  1 -2  0 -2  1  0 
  153 E    2 -2  1  0 -3 -2  0  5 -2 -4 -4 -2 -3 -4 -2  0 -2 -4 -4 -3 
  154 G    0  5 -1  0 -3  1 -1  0  1 -4 -3  1 -2 -1  0 -1 -2 -4 -2 -3 
  155 F   -3 -4 -4 -4 -3 -4 -4 -4 -1 -1 -1 -4 -1  8 -5 -3 -2  0  4 -2 
  156 D   -2 -3  0  6 -3 -1  0 -2 -2 -3 -4 -2 -3  1 -2  2  0 -4 -2 -3 
  157 H    1 -1 -1  1 -3  0  5 -2  1 -3 -3  2 -3 -4 -2  0 -2 -4 -3 -2 
  158 V    0 -2  0  1 -3  0  4 -3 -2  1  0 -1  1 -3 -2 -1  0 -4 -3  1 
  159 D   -3 -3  0  7 -4 -1  1 -2 -2 -4 -5 -2 -4 -4 -2 -1 -2 -5 -4 -4 
  160 K    0  2 -1 -1 -3  4  3 -3 -1 -2 -3  1 -2 -4 -2 -1  0 -4 -3  0 
  161 E    2 -1 -1  0 -3  1  3 -2  0 -2  0  2 -1 -3 -2 -1  0 -4 -3 -2 
  162 F   -2 -3 -2 -3 -3 -3 -3  3  1 -2 -1 -3  0  3 -4 -2 -3  5  5 -2 
  163 L   -2 -3 -3  0  2 -3 -3 -5 -4  2  5 -3  0 -1 -4 -3 -2 -3 -2  0 
  164 E   -1  0 -1  0 -4  0  5  0 -1  0 -3  0 -2 -4 -2  1  0 -4 -3 -2 
  165 K    0  1  0 -1 -3  2  2 -1 -1 -3 -3  3 -2 -3 -2  1  0 -3  0 -3 
  166 L   -2 -3 -4 -5  3 -3 -4 -5 -4  2  3 -3  1  3 -4 -3 -2 -2 -1  1 
  167 A    4  0 -3 -3  2 -2 -2 -2 -3  0  0 -2  2 -2 -2 -1 -1 -4 -3  3 
  168 K    2  1  0  3 -3  0  2 -2 -2 -3 -3  3 -2 -4 -2  0 -1 -4 -3 -3 
  169 L    0 -3 -3 -3 -2  0 -1 -2 -3  3  2 -2  0 -2 -3 -2  1 -3 -2  2 
  170 I   -2 -3 -4 -4 -2 -3 -4 -5 -3  3  3 -3  1  3 -4 -3 -2 -2  1  1 
  171 N    0 -2  0 -1  3  0  3  0 -2 -2  0 -1 -1 -3 -2  2  0 -4 -3  0 
  172 K    1  1 -1 -1 -3  2  2 -2 -1 -4 -3  4 -2 -4 -2  0 -2 -4 -3 -3 
  173 S    1 -1  2 -2 -2 -1 -1 -2  4 -2  0  1  1 -1 -2  1 -1 -2  3 -2 
  174 C    0 -2 -1 -2  6 -2 -2 -3 -3  0  1 -2  0 -2 -2  0  4 -3 -2 -1 
  175 V   -1 -2  0  3 -2  0  1 -2 -2 -1 -2 -1 -1 -3 -1  1  2 -3 -2  1 
  176 F   -2 -3 -3 -3 -2 -3 -3 -3 -1  0  0 -3  0  7 -4 -2 -2  0  2 -1 

                      K         Lambda
Standard Ungapped    0.1356     0.3172
Standard Gapped      0.0470     0.2700
PSI Ungapped         0.1483     0.3173
PSI Gapped           0.0520     0.2700
