
Last position-specific scoring matrix computed
           A  R  N  D  C  Q  E  G  H  I  L  K  M  F  P  S  T  W  Y  V
    1 G    0 -2  0 -1 -3 -2 -2  6 -2 -4 -4 -2 -3 -3 -2  0 -2 -2 -3 -3 
    2 S    1 -1  1  0 -1  0  0  0 -1 -2 -2  0 -1 -2 -1  4  1 -3 -2 -2 
    3 H   -2  0  1 -1 -3  0  0 -2  8 -3 -3 -1 -2 -1 -2 -1 -2 -2  2 -3 
    4 M   -1 -2 -3 -4 -1 -1 -3 -4 -3  2  3 -2  3  0 -3 -2 -1 -2 -1  1 
    5 S    0 -1  0  0 -1  0  0  0 -1 -2 -2  0 -1 -2 -1  5  0 -3 -2 -2 
    6 D   -2 -1  0  5 -4  0  5 -2 -1 -3 -4  0 -3 -3 -1  0 -1 -4 -3 -3 
    7 M   -1  4 -1 -2 -3  3  0 -3 -1 -2 -1  0  3 -3 -2 -1  2 -3 -2 -2 
    8 T    0 -2 -3 -4 -1 -2 -3 -3 -3  2  4 -2  0 -1 -3 -1  1 -3 -2  0 
    9 R   -2  5  0  1 -4  3  2 -3  3 -4 -3  0 -2 -4 -2 -1 -2 -4 -2 -3 
   10 D   -2  1  0  6 -4  0  2 -2 -1 -4 -4 -1 -3 -2 -2  0 -2 -3  1 -3 
   11 G    0 -1  0  0 -4  5  3  0 -1 -3 -3  0  2 -4 -2 -1 -2 -3 -2 -2 
   12 L    3 -2 -3 -3 -2 -2  0 -3 -3  2  2 -2  1 -2 -3 -1 -1 -4 -2  1 
   13 A    0  0 -1 -1 -3 -1  1  3 -2 -3 -2  1  3 -3 -2  1 -2 -3 -3 -2 
   14 N    0  3  4 -1 -4  3  1 -2 -1 -4 -3  1 -2 -4 -2 -1  0 -4 -3 -3 
   15 K   -2  5 -1 -2 -4  2  0 -3 -1 -3  0  3 -1 -4 -3 -1  0 -4 -3 -3 
   16 A    5 -2 -3 -3 -1 -2 -2 -1 -3 -1  0 -2 -1 -3 -2  0  0 -4 -3  0 
   17 L   -2  0 -3 -4 -2 -2 -3 -4 -3  1  3  0  4 -1 -3 -2  0 -3 -2  2 
   18 A    3 -2  1 -2 -2  2 -1  0 -2  2 -1 -2 -1 -3 -3  1 -1 -4 -3  0 
   19 V   -1 -2 -2 -3 -2  2 -2 -4 -3  2  0 -2  0 -2 -3 -1  3 -4 -2  3 
   20 A    6 -2 -2 -3 -1 -2 -2 -1 -3 -2 -2 -2 -2 -3 -2  1 -1 -4 -3 -1 
   21 R    0  4 -1 -1 -4  3  2 -3 -1 -3 -1  1  1 -3 -2  0 -2 -4 -3 -3 
   22 T    0 -2  0 -2 -2  2  0 -3 -2  0  0 -2  1  0 -2  0  4 -3 -2 -1 
   23 L   -2 -4 -3  0 -2 -3 -3 -4 -4  4  2 -3  0  0 -4 -3  0 -3 -2  3 
   24 A    5 -2 -2 -2 -1 -2 -2 -1 -3 -2 -2 -2 -2 -3 -2  3 -1 -4 -3 -1 
   25 D    1 -1  0  2 -3  3  1 -2 -1 -2 -1  0 -2 -2 -2  0  0 -3  1  0 
   26 S    0 -2  2  0 -2  0 -1 -2 -2  1 -1 -2  4 -2 -2  2  2 -3 -3 -1 
   27 P   -2 -2 -2  0 -4  0 -1 -3  2 -4 -4 -2 -3 -4  7  0  0 -5 -3 -3 
   28 E    0 -2  0 -1 -3  1  3  0 -2 -2  0 -1  1 -3  1  0  0  3 -2 -2 
   29 I   -1 -4 -4 -4 -2 -3 -3 -4 -4  3  1 -3  0 -2 -3 -3  0 -4 -2  5 
   30 R    0  3 -2 -3 -3  1 -1 -3 -2  2  0  2 -1 -3 -3 -2 -2 -4 -2  1 
   31 Q    0  0 -1  0 -3  3  3 -2 -1 -3 -3  0 -2 -4 -2  1  1 -4 -3  0 
   32 G    3  0 -2  0 -2  1 -2  2 -3 -2  0 -2 -1 -3 -3 -1 -2  4 -2 -2 
   33 L   -2  0 -3  0 -2 -3 -3 -5 -4  3  4 -3  0  0 -4 -3 -2 -3 -2  2 
   34 Q    0  2 -1  0 -3  3  2 -3 -1 -3  0  0 -2 -3 -2  0 -2 -3  0 -2 
   35 K    0  3  0 -2 -3  0 -1 -2 -2 -3 -3  2 -2 -4 -2  2  2 -4 -3 -2 
   36 K   -2  2  0  0 -4  0  1  0 -2 -4 -4  3 -3 -4  3 -1  0 -4 -3 -3 
   37 P   -2  2 -1  5 -4 -1  0 -3 -2 -3 -3  1 -3 -4  2 -1 -2 -5 -3  0 
   38 Q   -2 -1 -2 -1 -4  3  1 -3  3 -3  0  0 -2 -3  5 -2 -2 -3  1 -2 
   39 E    0 -1 -1  0 -3  4  3 -3 -2 -3 -3  1 -2 -4 -2  0  3 -3 -3 -2 
   40 S    4 -1 -2 -1 -2  1  2 -2 -2 -3 -3  0 -2 -3 -2  1 -1  3 -2 -2 
   41 G    1  2  0 -1 -3  1  1  0 -2  0  0 -1 -1 -3 -3  1 -1 -4 -3  0 
   42 I   -2 -3 -4 -4 -2 -3 -4 -5 -3  3  3 -3  0 -1 -4 -3  0 -3  1  3 
   43 Q    1  2 -1 -1 -3  6  0 -2 -1 -4 -3  1 -1 -4 -2 -1 -2 -3 -2 -3 
   44 A    1  0 -2 -1 -3 -1  1 -2  2 -3 -3 -1 -2 -4  5  0  2 -4 -3 -2 
   45 I    0  0 -3 -3 -2 -2  0 -4 -2  4  2  0  0  0 -3 -2 -2 -2  3  1 
   46 A    3 -3 -3 -3 -1 -3 -3 -2 -3  3 -1 -3 -1 -2 -3 -1  2 -4 -3  2 
   47 E   -2 -1  3  2 -4  1  5 -2 -1 -3 -3  0  0 -4 -2 -1 -2 -4 -3  0 
   48 A    1  4 -1 -2 -3  1  1 -2 -2 -3 -1  1 -2 -4  0  1 -1 -4 -3 -3 
   49 V   -1 -3 -3 -4 -2 -3 -3 -4 -4  4  2 -3  4 -1 -3 -2  0 -3 -2  3 
   50 R   -2  5 -1 -2 -4  5  0 -3 -1 -4 -2  2  1 -4 -2 -1 -2 -3 -2 -3 
   51 K   -1  3 -1 -1 -3  0  2 -3 -2 -2 -2  2  1 -3 -2  0  1 -4 -3  0 
   52 R    1  0 -2  2 -3  3  0 -3 -2  3 -1 -1 -1  0 -3 -1 -2 -3 -2  0 
   53 N   -1 -2  4 -1 -2 -1 -1 -2 -2 -3 -3 -1 -2 -3 -2  2  5 -4 -3 -2 
   54 D   -2  0  0  6 -4 -1  1  4 -2 -4 -5 -2 -4 -4 -2 -1 -2 -4 -4 -4 
   55 L    3 -3 -3 -3 -2 -2 -2 -2  2  0  0 -2 -1  1 -3 -1  0 -3 -1  2 
   56 L    0 -2  0  4 -3 -1  2 -3 -2 -2  0 -2 -2  1 -2 -1  1 -3 -2 -2 
   57 F    0 -3 -3 -4 -3 -3 -3 -3  0 -1 -1 -3 -1  6 -4  0 -2  0  6 -2 
   58 I   -1 -4 -4 -4 -2 -4 -4 -5 -4  5  0 -4  0 -1 -4 -3 -1 -4 -2  4 
   59 V   -1 -3 -3 -4 -2 -3 -3 -4 -3  1  0 -3  0 -1 -3 -2  2 -3  2  5 
   60 V   -1 -4 -4 -4 -2 -3 -3 -4 -4  4  1 -3  0 -2 -3 -3 -1 -4 -2  5 
   61 T    0 -2 -2 -3 -2 -2 -3  3 -3 -1  1 -2  5 -2 -3 -1  1 -3 -3 -1 
   62 D   -3 -2  5  6 -4 -1  0 -2 -1 -4 -5 -2 -4 -4 -2  0 -2 -5 -4 -4 
   63 M    1  2  0  0 -2 -1  0 -2 -2 -2 -1 -1  6 -3  0 -1  0 -3 -3 -1 
   64 Q   -2 -1  3  2 -4  3  2 -2  5 -4 -4  1 -2 -4 -2  0 -2 -4 -2 -4 
   65 S   -1  0 -1 -2 -3 -2 -2  6  1 -4 -2 -2 -3 -3 -3  1 -2 -3 -3 -4 
   66 L   -2  0 -3 -4 -2  0 -3 -5 -3  6  1 -3  0 -1 -4 -3 -2 -4 -2  2 
   67 R   -2  7 -1 -3 -4  0 -1 -3 -1  0 -2  0 -2 -4 -3 -2 -2 -4 -3 -3 
   68 Y   -2 -2 -3 -4 -2 -2 -3 -4 -1  1  2  0  0  0 -4  0 -2  6  5  0 
   69 S    2 -2 -1 -2 -2 -2 -2 -2 -2 -2 -2 -2 -2 -1 -2  3  3 -2  3  0 
   70 H   -2 -1  0 -2 -4 -1 -1 -3 10 -4 -4 -2 -3 -2 -3  0 -2 -3  0 -4 
   71 P   -2 -3 -3 -2 -3 -2 -2 -3 -3 -3 -3 -2 -2 -4  7 -1  2 -5 -4  0 
   72 E   -2 -2  3  4 -3 -1  2 -2 -1  1  0  0 -2 -3 -3 -1 -1 -4 -3  0 
   73 A    0 -3 -2  0 -3 -1  0 -2 -3 -4 -4 -2 -3 -4  7  1 -1 -5 -4 -3 
   74 Q   -2 -1 -1  2 -4  2  4  0 -2 -4 -3 -1 -3 -4 -2  0  2 -4 -3 -3 
   75 R   -2  4 -1 -2 -4  0  2 -3 -1 -3  0  4 -2 -4 -2  0 -2 -4 -3 -3 
   76 I   -2 -4 -3 -4 -2 -4 -4 -5 -4  6  1 -4  0 -1 -4  0 -2 -4 -2  1 
   77 G   -1 -3 -1 -2 -4  0 -2  7 -3 -5 -5 -3 -4 -4 -3 -1 -3 -3 -4 -4 
   78 Q    0  0 -1 -2 -3  2  0 -3  2 -2  0  4 -1 -2 -2 -1  0 -3  2 -2 
   79 P   -2  2 -2 -2 -4 -1 -1 -3 -2 -2 -1  3 -2 -4  5  0 -2 -4 -3  0 
   80 F   -2 -3 -3 -4 -2 -2 -3 -4 -2  0  1 -3  6  6 -4  0 -2 -1  0 -1 
   81 K   -2  0 -2 -2 -3  3  1 -3 -2  0 -2  2 -1 -3  1 -2 -2 -4 -2  3 
   82 G   -1  0 -1 -2 -4 -2 -3  6 -3 -3  0 -2 -2  1 -3  0 -2 -3 -2 -3 
   83 D    1 -2 -1  1 -3 -2  0  4 -3 -3 -4 -2 -3 -4 -2  0  2 -3 -4 -2 
   84 D   -3  2  1  6 -4  0  0 -2  2 -4 -4  1 -3 -4 -2 -1 -2 -5 -3 -4 
   85 I   -1 -2  2 -1 -3  1  3  0 -2  2 -2 -1 -2 -3  0  2 -1 -4 -3 -1 
   86 L    1  1 -1  2 -3 -1  2  2 -2 -2  0 -1 -2 -3 -2  0 -2 -4 -3  0 
   87 K    2  3 -1 -1 -3  1  2  0 -2 -4 -3  1 -2 -4  2 -1 -2 -4 -3 -3 
   88 A    5 -2 -3 -3 -1 -2 -2 -2 -3  1  0 -2 -1 -2 -2 -1 -1 -4 -3  2 
   89 L   -2 -2 -3 -3 -2  0  0 -4 -3  0  4 -2  0  2 -4 -2  0 -2 -1  0 
   90 N    2  0  2 -1 -3  0  2 -2  1 -3 -3  2 -2  1 -2  0 -1 -3 -2 -2 
   91 G    0 -3 -1 -1 -4 -2  1  6 -3 -5 -5 -2 -4 -4 -3 -1 -3 -3 -4 -4 
   92 E   -2  2 -1 -1 -4  1  4  0  5 -4 -4  0 -3 -3 -3 -1 -2  5 -1 -4 
   93 E    0 -2 -1 -1 -2 -1  2 -2 -2  1 -2 -1 -2 -2 -2  3  1 -3  0  0 
   94 N   -2 -2  1 -3 -3 -2 -2  0  5 -1 -2 -3 -2  1 -4 -2 -2  0  7  0 
   95 V   -1 -3 -3 -3 -2 -3 -3 -4 -3  1  0 -3  2  3  1 -2  2 -3 -1  4 
   96 A    0 -2 -1 -1 -2 -1  2 -2 -2  0  0 -1 -1 -3 -2  4 -1 -4 -3 -1 
   97 I   -1 -2 -2 -1 -3 -1  2 -3 -2  2 -1  1 -1  0 -2 -1  4 -3 -2  0 
   98 N    2  0  1  0 -2  0 -1  1 -2  0 -2 -2 -2 -2 -2  0  0 -3  0  0 
   99 R   -2  1 -1  0 -4  2  0 -3 -2 -3 -3  5 -2 -4 -2  0  1 -4 -3 -1 
  100 G    0 -3 -1 -2 -3 -3 -3  6 -3 -4 -4 -3 -4 -4 -3 -1  0 -3 -4 -3 
  101 F   -1 -2  0  1 -2 -1  1 -2 -2 -3 -3 -1 -2  1 -2  3  4 -3 -2 -2 
  102 L   -2 -3 -3 -4 -2 -3 -4  1 -4  2  4 -3  3 -1 -4 -2 -2 -3 -2  0 
  103 A    0  0 -1 -2 -4 -2 -3  6 -3 -3 -4 -2 -3 -4 -3 -1 -2 -3 -4  0 
  104 Q   -2  3 -2 -2 -3  1  0 -3 -2 -2 -2  1  2 -3  2  0  0  3 -2  0 
  105 A    3 -2 -1 -1 -2 -1  0 -1 -2 -1  0 -1 -1 -3 -2  4  0 -4 -3  0 
  106 L    0 -3 -4 -4 -2  0 -3 -4 -4  3  3 -3  3 -1 -3 -2 -1 -3 -2  3 
  107 R   -2  7 -1 -3 -4  1 -1 -3 -1 -3 -3  0 -2 -4 -3 -2 -2 -4 -3  0 
  108 V    4 -2 -2 -3 -2 -2 -2  4 -3 -2 -3 -2 -2 -3 -2  0 -1 -4 -3  0 
  109 F   -2 -1 -2 -2 -3  1 -1 -3 -2  0 -2  4 -1  5 -3  0 -2 -2  0  0 
  110 T    2 -2 -2 -3 -2 -2 -2 -2 -3  0 -1 -2  2 -2 -2  0  3 -3  1  3 
  111 P    0 -3 -3 -2 -4 -2 -2 -3 -3 -4 -4 -2 -3 -5  8 -2 -2 -5 -4 -3 
  112 I   -1 -4 -4 -4 -2 -4 -4 -5 -4  5  1 -4  0 -1 -4 -3 -1 -4 -2  4 
  113 Y   -2  0 -3 -3 -3  0  0 -4 -2  1  1  0  0  4 -4 -2 -2 -1  3  2 
  114 D    0 -2  2  6 -4 -1  0  0 -2 -4 -4  0 -3 -4 -2 -1 -2 -5 -4 -3 
  115 E    1 -1 -1  3 -4  3  3  0 -2 -4 -4 -1 -2 -4  2 -1 -2 -4 -3 -3 
  116 N   -2 -1  3  4 -4  2  0 -2  3 -4 -4 -1 -3 -4 -2  0  1 -4 -2 -3 
  117 H   -1  0 -1 -2 -4 -2 -2  6  2 -4 -1 -2 -3 -3 -3  0 -2 -3 -3 -4 
  118 K   -2  3  1 -1 -4  3  3 -3 -1 -4 -3  4 -2 -4 -2 -1 -2 -4 -3 -3 
  119 Q   -2 -2 -2 -3 -3  4 -1 -4  3  3  0 -2  0 -2 -3 -2 -2 -4 -1  3 
  120 I   -2 -4 -4 -4 -2 -4 -4 -5 -4  5  2 -4  0 -1 -4 -3 -2 -4 -2  4 
  121 G   -1 -3 -1 -2 -4 -3 -3  7 -3 -5 -5 -3 -4 -4 -3 -1 -3 -3 -4 -4 
  122 V    1 -3 -3 -3 -2 -3 -3 -3 -4  2  1 -3  0 -2 -3  0  1 -4 -2  4 
  123 V    0 -4 -4 -4 -2 -3 -3 -4 -4  1  0 -3  0 -2 -3 -3 -1 -4 -2  6 
  124 A    2 -2 -1 -2 -2 -1 -1 -1 -2 -1  0 -1  2 -3 -2  5  0 -4 -3  0 
  125 I    0 -4 -4 -4 -2 -3 -3 -4 -4  3  0 -3  0 -2 -3 -2 -1 -4 -2  5 
  126 G   -1 -3 -1  1 -4 -3 -2  7 -3 -5 -5 -3 -4 -4 -3 -1 -3 -3 -4 -4 
  127 L   -2 -3 -3 -3 -3 -2  0 -4 -1  3  0  0 -1  3 -4  0 -2 -1  5  0 
  128 E    1 -2 -2 -2 -2 -2  0 -3 -3  0  3  0  0 -2 -3  0  3 -3 -3  0 
  129 L   -2 -3 -3  0 -2  0 -2 -4 -3  2  3 -2  1 -1 -3 -2  0 -3  1  2 
  130 S   -1 -2  0  2 -4  0  3 -2 -2 -4 -4 -1 -3 -4  3  2  0 -4 -3 -3 
  131 R   -2  2  2  0 -4  1  3  0 -1 -4 -3  1 -2 -4 -2  1  0 -4 -3 -3 
  132 V   -1 -4 -4 -4 -2 -3 -3 -4 -3  4  1 -3  0 -1 -3 -3  0 -3  1  4 
  133 T    1 -2  1  3 -3  2  1 -2 -2 -3 -3 -1 -2 -3 -2  1  1  5 -2 -3 
  134 Q   -2  0  0  4 -4  5  2 -2 -1 -4 -4  1 -2 -4 -2 -1 -2 -4 -3 -3 
  135 Q   -1  4 -1 -2 -3  2 -1 -3 -2  1 -1  0  2 -2 -3  0 -1 -3 -2  1 
  136 I    0 -3 -4 -4 -2 -3 -3 -4 -4  5  3 -3  0 -1 -3 -2 -1 -3 -2  2 
  137 N    0 -1  2 -1 -2  3  0 -1 -1 -2  0  0 -1 -3 -2  2  0 -3 -2 -2 
  138 D   -2 -1  0  4 -4  0  4 -2  6 -4 -4  0 -3 -3 -2 -1 -2 -3 -1 -3 
  139 S    0 -1  4  0 -1  0  0  0  0 -2 -2  0 -1 -2 -1  4  0 -3 -2 -2 
  140 R   -1  5  0 -2 -3  1  0 -2  0 -3 -2  2 -1 -3 -2 -1 -1 -3 -2 -3 

                      K         Lambda
Standard Ungapped    0.1342     0.3172
Standard Gapped      0.0470     0.2700
PSI Ungapped         0.1471     0.3176
PSI Gapped           0.0516     0.2700
