
Last position-specific scoring matrix computed, weighted observed percentages rounded down, information per position, and relative weight of gapless real matches to pseudocounts
           A  R  N  D  C  Q  E  G  H  I  L  K  M  F  P  S  T  W  Y  V   A   R   N   D   C   Q   E   G   H   I   L   K   M   F   P   S   T   W   Y   V
    1 D   -2 -2 -1  4 -5  0  6 -3 -2 -5 -5 -1 -4 -5 -3 -2 -2 -5 -4 -4    0   0   0  20   0   0  80   0   0   0   0   0   0   0   0   0   0   0   0   0  1.25 0.52
    2 S    2 -3  3 -2 -3 -2 -2 -2 -2 -3 -4 -2 -3 -4 -3  5 -1 -5 -4 -1   16   0  17   0   0   0   0   0   0   0   0   0   0   0   0  61   0   0   0   5  0.82 0.70
    3 L   -3  1 -4 -4 -3  2 -3 -5 -3  2  2 -3  4 -2 -4  1 -2 -4  1  2    0   7   0   0   0  10   0   0   0  12  22   0  14   0   0  12   0   0   6  17  0.43 0.78
    4 R   -1  4  0 -3 -5  0  0 -4 -3 -5 -5  4 -4 -5 -4  3  0 -5 -4 -4    3  27   3   0   0   3   4   0   0   0   0  29   0   0   0  26   4   0   0   0  0.83 1.15
    5 P   -3 -4 -2 -4 -5 -4 -4 -4 -5 -3 -3 -3 -4 -6  8 -1  2 -6 -5 -4    0   0   1   0   0   0   0   0   0   2   2   0   0   0  75   4  15   0   0   0  2.02 1.22
    6 K    0  0 -3 -2 -5  3  4 -4 -3 -4 -4  3 -4 -5  2  0  0 -5 -4 -1    7   5   1   0   0  11  33   0   0   0   1  16   0   0   9   7   4   0   0   6  0.61 1.27
    7 L   -4 -5 -5 -5  3 -1 -3 -6 -5 -1  5 -5  1 -3  4 -3 -4 -5 -4  0    0   0   0   0   6   3   2   0   0   2  53   0   3   0  24   2   0   0   0   6  1.00 1.41
    8 S   -2 -4  0  0 -2 -2 -3 -2 -4 -3 -4 -3 -4 -5  3  4  5 -5 -2 -4    0   0   4   5   1   1   0   3   0   1   1   0   0   0  12  34  34   0   1   0  0.84 1.38
    9 E    3 -2 -2  1 -5  1  3 -1 -4 -5 -2 -2 -4 -4  4  0 -2 -5 -2 -3   22   1   1   9   0   7  19   4   0   0   5   1   0   1  20   5   2   0   1   1  0.54 1.45
   10 E    0 -3  3  2 -5  1  6 -4 -3 -6 -5 -2 -5 -6 -4  0  0 -6 -5 -5    7   0  12  12   0   6  51   0   0   0   0   0   0   0   0   5   5   0   0   0  1.03 1.50
   11 Q    0 -3 -3 -1 -5  6  3 -5 -1  1 -1 -1 -2 -5 -4  1 -2 -5 -1 -3    7   0   0   2   0  39  18   0   1   9   6   2   1   0   0  10   2   0   2   1  0.77 1.52
   12 Q   -3  0 -2  2 -5  3  3 -3 -1 -5 -2  0 -2 -4  3 -1 -1  6 -2 -3    2   4   1  10   0  15  19   2   2   0   4   5   1   0  14   4   3  11   1   2  0.60 1.49
   13 R    0  1 -1  2 -5  3  2 -3  4 -3 -2 -1  2 -3 -3  1  0 -5 -2 -4    6   8   3  10   0  14  15   2  10   1   3   2   6   1   1  11   5   0   1   0  0.40 1.53
   14 I   -4 -5 -5 -6 -4 -1 -3 -4 -5  1  5 -3  4  0 -1 -3 -4 -4 -4  1    0   0   0   0   0   2   1   2   0   6  56   1  12   4   3   2   0   0   0  10  0.90 1.55
   15 I   -1 -6 -6 -6 -4 -5 -6 -6 -6  7  1 -5  0 -2 -5 -3  0 -5 -4  3    6   0   0   0   0   0   0   0   0  57  12   0   1   1   0   1   5   0   0  17  1.19 1.61
   16 A    0  2  1  0 -5  3  3 -5  1 -5 -2  0 -1 -5 -2  1  0 -5  0 -3    8  13   7   5   0  11  18   0   3   0   4   5   2   0   2   9   6   0   4   2  0.35 1.63
   17 I    1  3 -1 -3 -1  1  1 -5 -3  0 -3  2  2 -5 -5  1  1 -6 -2  0   13  16   3   1   1   5   8   0   0   5   2  15   5   0   0  10   8   0   2   5  0.34 1.66
   18 L   -1 -4 -6 -6 -4 -5 -4 -6 -6  3  5 -5 -1 -3 -6 -5 -4 -5 -4  3    5   1   0   0   0   0   1   0   0  14  59   0   0   0   0   0   0   0   0  19  1.13 1.65
   19 L   -1 -1 -5 -5  0 -2 -3 -5 -5  2  3 -4  4 -4 -5  1  2 -5 -4  3    5   3   0   0   2   1   1   0   0  10  25   0   9   0   0  10  14   0   0  19  0.53 1.63
   20 D   -1  2 -2  3 -6  1  4 -1 -4 -5 -4  2 -5 -3 -3 -3 -3  4 -1 -3    6  10   1  14   0   5  32   4   0   0   1  13   0   1   1   1   1   5   3   2  0.65 1.66
   21 A    6 -4 -4 -4 -1 -4 -4 -3 -4 -3 -4 -2  0 -2 -4  2 -1 -4  2 -2   65   0   0   0   1   0   0   1   0   1   1   2   3   1   0  12   4   0   7   1  1.05 1.61
   22 H   -4 -2 -3 -2 -5  3  3 -4  9 -5 -4 -3 -1 -2 -2 -2 -3 -4  1 -5    1   1   0   2   0  14  21   1  45   0   1   0   2   2   2   2   1   0   3   0  1.39 1.59
   23 H   -1  2  0  1 -3  1  0 -3  1 -2  0 -2  4 -4  2 -2  1 -5 -3  0    6  11   4   7   1   6   6   2   4   2  11   1  10   0   9   2  10   0   1   8  0.24 1.59
   24 K    0  1  0  1 -4  1  2  0  2 -2 -2  1 -4 -4  1  0  0 -1 -4 -3    7   8   4   9   0   7  15   7   4   3   5   9   0   0   7   7   5   1   0   1  0.21 1.54
   25 T    0 -3 -2 -2  3  1  0 -4  1 -1 -3 -2 -3 -2 -2 -1  5 -4  1  1    6   1   1   2   7   6   6   1   3   3   2   1   0   1   1   3  36   0   6  11  0.53 1.48
   26 Y   -1 -2  1 -1  6  1  2 -3  1 -1 -1 -3  0  2  0 -1 -3 -3  1 -1    6   2   8   4  17   5  13   2   3   4   7   1   2   8   4   3   1   0   5   4  0.34 1.36
   27 D   -3 -1  2  3 -1  4  1 -1  1 -3 -3 -1 -1 -4  0  0 -1 -4 -2 -2    1   3  10  17   1  21   9   6   3   1   2   3   2   1   5   8   3   0   1   3  0.44 1.45
   28 P    1  0 -3 -2 -1 -3 -2 -1  0 -3  0  0 -3  1  5 -1  0 -4  1 -2   11   5   1   2   1   1   3   4   2   1  10   6   0   6  31   3   6   0   5   2  0.52 1.49
   29 T   -1  0  0  1 -4  2 -2 -1  1  0 -1 -1  3 -4  0  2  3 -4 -2 -2    3   5   4   8   0  10   2   4   3   5   7   2   9   1   5  13  17   0   1   2  0.25 1.48
   30 Y   -2  0 -2  1  0 -3  2  1  1 -3  0 -2  0  4 -3 -1 -1  1  3 -4    2   5   1   7   2   0  16  12   3   1   9   2   2  15   1   3   4   2  11   1  0.31 1.55
   31 S   -1 -3  0  0 -4 -3  3 -2 -3 -2 -1 -1 -4 -3  2  3  0 -5 -1 -2    4   1   4   5   0   0  20   3   0   2   8   3   0   1  11  26   6   0   2   3  0.39 1.58
   32 D   -2  0  0  5 -5  2  0 -4  4 -2 -3 -1 -4 -1 -2  1 -2 -5 -4 -1    2   4   4  30   0  10   6   1   9   3   3   4   0   3   2  11   1   0   0   6  0.54 1.59
   33 F   -4 -2 -4 -4 -4 -1 -2 -5  2  1  2 -1  0  4 -3 -3 -2  5  4  1    1   2   1   1   0   3   2   1   5   7  22   3   2  15   1   2   3   6  12  11  0.51 1.56
   34 C   -1  1 -2 -1  4  2  0 -2 -2 -1  0  3 -3 -4 -3  1  0 -4 -2 -1    5   6   2   4   7   9   5   4   1   3  11  21   0   0   1  11   5   0   1   4  0.27 1.58
   35 Q   -1  3  0  0 -1  5  1 -3  0 -4 -4  1  0 -4  1  0 -2 -4  0 -3    5  13   4   6   1  31   7   2   2   1   1   6   3   0   6   5   1   0   4   2  0.55 1.58
   36 F   -1 -1 -3 -4 -1 -1 -4 -3 -4  1  2  0  2  4 -2 -1 -1  1  0  1    5   3   2   1   1   3   1   2   0   8  23   7   5  16   2   4   4   2   3  10  0.33 1.56
   37 R   -3  5 -1 -2 -2  1 -2  1 -2  1 -2 -1  0 -4 -2 -1  1 -4 -4 -3    1  36   2   2   1   5   2  11   1   9   4   3   2   1   3   5  10   0   0   2  0.54 1.55
   38 P    0  0 -1 -2 -2  1  2 -4 -4 -3 -1  2  1 -4  4 -1  0 -1 -4 -2    9   4   3   2   1   7  14   1   0   2   5  13   3   0  22   3   6   1   0   2  0.44 1.61
   39 P   -1  0 -1 -2 -4  0 -1 -4  1 -2 -3 -2 -3  1  6 -2 -1  1  2 -2    6   6   2   2   0   4   5   1   3   2   2   1   1   7  37   3   4   2   8   3  0.71 1.60
   40 V    1  0 -3 -1 -2  0  1 -1 -1  1  1 -2  0 -2  0 -1  0  1 -2  2   11   4   1   3   1   5  10   4   1   7  15   2   2   2   5   4   7   2   1  12  0.13 1.60
   41 R   -1  2 -2  0 -4  0 -1 -3  1  0 -1 -2 -1  0  0 -1  1  0  2  2    5  11   2   6   0   5   4   2   3   6   5   2   1   3   5   4  11   1   6  16  0.16 1.61
   42 V   -1 -3  2  0  1 -1  0 -2  0  0  0 -2  1 -2  2  1 -2 -5 -1  3    5   1   8   5   3   3   8   4   2   6   7   2   3   1   9   9   2   0   3  18  0.17 1.65
   43 N    0  0  2  1  3  0  0 -2  0 -4 -3 -1 -1  0  1  1  2  1  2 -2    8   4   8   8   7   4   6   3   2   0   3   3   2   3   6  10  11   2   6   3  0.19 1.62
   44 D    1 -2 -1  0 -2  1  0 -2 -1  1 -2  0  2 -1  2  3 -2  0 -1 -2   11   2   3   6   1   6   7   3   1   8   3   6   5   2   9  21   1   1   2   2  0.21 1.61
   45 G    0  0  0  1 -1  0  0  3  1 -1 -2 -1 -4 -5  0  2  0 -5 -4 -3    8   6   5   6   1   3   7  22   3   4   4   4   0   0   5  14   5   0   0   2  0.25 1.60
   46 G   -1 -2 -2  1 -2  1  0  1  3 -2 -4  0 -4 -2 -1  0  0 -1  4 -1    5   2   2   9   1   6   7  13   7   2   2   6   0   2   3   8   6   1  15   5  0.27 1.57
   47 G   -2  1  1  2 -3  2 -1  1  2 -1 -2 -2 -3 -3  1  2 -1 -5 -3 -2    3   8   5  13   1  10   3  10   5   3   4   2   1   1   6  17   3   0   1   3  0.25 1.61
   48 S   -1  1  1  1 -3  0  0 -2 -1 -1 -2  1  0 -3  3  2  0 -5 -3 -2    4   9   7   9   1   5   5   2   1   4   4   7   2   1  16  13   7   0   1   3  0.26 1.64
   49 V   -1  0  0 -2 -2  0 -2 -2 -1 -1 -1 -1  2  0  3  0  1 -2  0  1    4   4   5   2   1   5   3   3   2   3   6   4   6   4  16   7  10   1   3  11  0.20 1.60
   50 T   -1 -1  1  2  1  4 -1 -2 -1 -2 -3  0 -2 -2  1  1  1  1  0 -2    5   3   7  12   3  16   3   3   1   2   3   7   1   1   6  11   8   2   3   2  0.25 1.58
   51 L   -1  0 -2 -2 -2 -1  0  0  0  0  2 -1  2 -3  4 -1 -2 -4  0 -1    4   5   2   2   1   2   5   7   2   6  19   3   5   1  19   6   2   0   4   4  0.26 1.53
   52 E   -1  1  1  3 -4  2  2 -1 -2 -2 -2  0 -4 -4  3  0 -1 -5 -3 -3    5   7   7  15   0   7  11   4   1   2   4   6   0   0  13   8   3   0   1   1  0.32 1.49
   53 L    0 -1  0  0 -4 -1 -1 -2  0  0  1  1  2  2  0 -2  1 -3  1 -1    9   3   5   6   0   3   3   4   2   4  15   8   5   8   4   3   8   0   5   5  0.10 1.41
   54 S   -1  0  1 -1  1 -1  0 -1 -2 -1 -3  1 -2 -4  2  3  1 -4 -4 -1    5   5   6   4   3   3   5   6   1   3   2   8   1   0  10  24   9   0   0   5  0.27 1.48
   55 Q    0  2  1  1 -4  1  3 -2  1 -3 -3  0 -1 -2  1  0  2 -4 -1 -2    7  11   5   6   0   5  16   3   3   2   2   6   1   2   8   7  11   0   2   2  0.23 1.41
   56 L    1 -3  0 -1 -1  0 -1 -3  0  2  2 -3 -1  2  1 -1 -2  4  0 -1   12   1   5   4   1   4   5   2   2  10  20   1   1   8   6   3   1   5   4   4  0.20 1.39
   57 S    0  0  0  2 -4  2  2 -1 -1 -4 -2 -1  2 -4 -1  2  1 -1 -2 -1    8   5   4   9   0  11  12   5   1   1   4   2   5   0   4  14   8   1   1   4  0.21 1.43
   58 M    1 -2  0 -3 -1 -3 -4 -2  1  1  2 -1  4 -1  1  1 -1 -4 -2  0   10   2   4   2   1   0   1   3   4   7  24   4  12   3   7   9   3   0   1   5  0.27 1.47
   59 L   -2 -4 -1 -5 -1 -2 -3 -5 -4  1  2 -4  4  4 -3 -3 -4  6  0  2    3   0   3   0   1   2   2   0   0   8  20   0  11  17   1   2   0  12   2  12  0.68 1.49
   60 P   -1 -1  0  1  3  2  2 -3  2 -3 -1 -1  0 -4  1  1  2 -1 -4 -4    5   4   5   7   7   8  13   2   5   1   6   3   3   0   6  12  11   1   0   0  0.27 1.50
   61 H   -2  0  1  1 -5  2  1 -4  5 -2  0  1 -2 -4 -4  1 -1 -5 -1 -2    2   5   7   9   0  10  10   0  15   3   9   8   1   0   0  12   3   0   2   3  0.38 1.52
   62 L   -2 -5 -5 -5  4 -5 -5 -5 -5  3  3 -5  3  4 -5 -4 -3 -4 -1  1    3   0   0   0  10   0   0   0   0  14  31   0   7  20   0   0   1   0   2   9  0.83 1.52
   63 A    2 -4  2 -4  7 -2 -4 -2  2 -3 -4 -2  0 -4 -5  1  3 -5  2 -4   15   0  11   0  24   2   0   2   4   1   1   3   3   0   0   9  16   0   8   0  0.79 1.62
   64 D   -2  1  2  3 -5  3  3 -2  0  0 -4  1  0 -5 -4  0 -4 -6 -2 -3    3   6   8  18   0  11  22   3   2   5   1   8   2   0   0   5   0   0   1   1  0.52 1.64
   65 L    1 -1 -4 -4 -1  0 -1 -5 -2  3  3 -2  3 -3 -3  0 -1  0  0  0   11   3   0   1   1   4   3   0   1  14  25   3   9   0   1   8   3   2   3   7  0.34 1.62
   66 V    3 -4 -2 -5  0 -4 -2  0 -2  0  1 -4  3  0 -4  1  1  2 -2  0   28   0   2   0   2   0   2   7   1   6  13   0   7   4   0   9   9   3   1   7  0.36 1.63
   67 S    1 -1  0  3  1 -2  0 -2  2  0 -1 -2 -4  0 -4  1  3 -5 -2 -3   10   3   4  16   3   1   5   3   4   5   6   2   0   4   0   9  21   0   1   1  0.29 1.59
   68 Y   -1  3 -1 -2 -5  2  1 -1  2 -3 -2  3 -4  0  1 -1 -1 -4  0 -2    4  18   3   2   0   9   8   4   5   1   3  16   0   5   8   4   5   0   4   3  0.31 1.54
   69 S    1 -1 -1 -1  2  4  1 -1  1 -2 -1 -3  2 -4 -2  2  1 -5 -4 -2   11   2   3   3   4  17   9   4   3   3   7   0   5   0   2  14   8   0   0   3  0.28 1.51
   70 I   -4 -5 -5 -6  1 -5 -5 -6 -5  4  4 -5  2  2 -5 -2 -3 -4  0  3    0   0   0   0   3   0   0   0   0  19  37   0   6   7   0   3   0   0   3  19  0.80 1.49
   71 Q   -2  0 -1 -1 -5  3 -1 -2  0  1  0 -1 -3  4 -2 -4  1 -4  0  2    3   5   3   3   0  12   3   4   2   6   7   3   0  19   2   0   7   0   3  15  0.30 1.66
   72 K   -1  2 -1 -4  0  1  1 -1  2 -1  0  1  2 -1 -2  0 -1  1  1  0    5  11   2   0   2   7   9   4   5   4   9  10   4   2   2   7   4   2   4   7  0.13 1.67
   73 V    0 -4 -1 -5  1 -1 -4 -5  0  3  2 -4  3  1 -5 -1  0 -5 -4  3    8   0   3   0   3   3   0   0   3  17  17   0   8   5   0   5   7   0   0  18  0.42 1.68
   74 I   -2 -1 -2 -4 -3 -4 -4 -5 -4  4  0 -1  2 -1 -4 -4 -1 -4 -3  5    3   3   2   0   0   0   1   1   0  27   7   4   4   2   0   1   4   0   0  40  0.75 1.21
   75 G   -1  0  1  3 -5  0  4  0  2 -4 -3  2 -4 -5 -4 -1 -2 -5 -4 -2    5   5   5  18   0   3  25   7   5   0   2  13   0   0   0   4   2   0   0   3  0.49 1.27
   76 F   -2 -4 -5 -5 -4 -4 -4 -4 -4 -3 -3 -4  3  6 -5 -2 -1 10  2 -1    4   0   0   0   0   0   1   1   0   0   1   0   7  31   0   4   4  38   5   3  1.65 1.25
   77 A    5 -4 -3 -4  1 -3 -3 -2 -4 -1 -1 -3  0  0 -1  1  1 -4 -3  0   48   0   0   0   3   0   1   3   0   3   7   0   2   4   3   9   9   0   0   6  0.58 1.25
   78 K   -3  3 -1 -1  1  0  0 -2 -3 -4 -1  6  0 -4 -3 -1 -3 -4 -1 -4    1  14   2   3   3   2   4   3   0   0   6  53   2   0   0   3   0   0   2   1  0.85 1.25
   79 M   -1  0  2 -1 -1  1 -2  0  0 -2 -2  2  4 -2 -4  2  1 -4  0 -2    4   6  10   3   2   5   2   7   2   2   4  15  10   2   0  14   7   0   3   2  0.24 1.25
   80 I   -2 -5 -5 -5  2 -4 -5 -5 -5  5  3 -5  2  2 -5 -2  0 -4 -3  1    2   0   0   0   4   0   0   1   0  28  31   0   6   9   0   4   5   0   0   6  0.73 1.50
   81 P   -2 -3  0 -1 -1 -2 -1 -3 -1 -1 -3 -1  2 -2  7 -2 -2 -5 -4 -2    2   2   4   4   1   2   5   2   2   4   2   3   5   2  53   2   2   0   0   3  1.11 1.50
   82 G    0 -4 -2 -1  2 -1  0  3  2 -4 -2 -4  1  5 -1  0 -4 -4  0 -2    7   0   2   4   4   3   6  24   5   0   4   0   3  21   3   6   0   0   2   4  0.44 1.52
   83 F   -4 -5 -5 -5 -4 -5 -5 -5 -4  0  0 -5  2  8  0 -1 -4 -2  3 -1    1   0   0   0   0   0   0   1   0   4   6   0   5  61   4   5   0   0   7   5  1.39 1.51
   84 R    0  1  1 -1  1  3 -2 -1  1 -2 -2  0  2 -1 -1  1  1  1 -4 -1    6   9   7   3   3  14   2   5   3   2   4   4   6   2   3  12   8   2   0   4  0.19 1.51
   85 D    0 -1  1  3  0  3  2 -2  1 -2 -1  0 -4 -2 -4  0 -1 -5 -1 -2    9   3   6  14   2  12  15   3   3   2   7   6   0   2   0   6   4   0   2   3  0.24 1.51
   86 L   -2 -5 -6 -6 -4 -5 -6 -6 -6  3  6 -5  1  0 -6 -5 -4 -5 -4  1    3   0   0   0   0   0   0   0   0  13  71   0   3   3   0   0   0   0   0   6  1.23 1.39
   87 T   -2 -2 -1  1  1  0 -1  1  3 -2 -4 -2 -4 -3  4  3  1 -6 -2 -4    1   1   2   8   3   5   3   9   6   2   1   2   0   1  18  28   8   0   1   0  0.51 1.39
   88 S   -2 -2 -1 -3  0  3 -1 -3  1  1  2  0  2 -1 -1 -2 -1 -5 -4  1    3   2   3   2   2  16   3   1   4   8  21   6   6   3   4   3   3   0   0  12  0.27 1.50
   89 E    0 -1 -1  4 -1 -1  4 -3  0 -2 -3  0 -1 -2 -2 -1 -2 -5 -1 -3    9   3   3  21   2   2  34   2   3   2   2   4   2   2   2   3   2   0   2   2  0.53 1.37
   90 D   -1 -4  1  6  3 -1 -1 -2  1 -1 -5 -3 -5 -6 -4 -1  1 -6 -5 -2    4   0   7  50   6   3   3   3   3   4   0   0   0   0   0   4   9   0   0   4  0.92 1.37
   91 Q   -1  1  1 -3 -5  6 -2 -4  4 -6 -5  2 -4 -5  0  0 -3 -5  1 -5    4   6   6   0   0  47   0   0  11   0   0  10   0   0   4   7   0   0   4   0  1.03 1.37
   92 I   -2 -2 -4 -1 -4 -4 -2 -3 -1  3  0 -2  4  1 -5 -1  2 -5 -4  3    2   2   0   3   0   0   3   2   2  19   9   2  10   5   0   5  16   0   0  20  0.44 1.39
   93 V    0  1 -2 -4  2  0 -3 -4  1  2  1  1 -1 -4 -4  2  2 -5 -2  1    9   8   2   0   5   5   0   0   4  11  12   8   1   0   0  14  11   0   1   9  0.23 1.17
   94 L   -2 -4 -5 -6 -4 -4 -5 -5 -5  1  6 -5  1 -2 -5 -4 -3 -4 -3  0    3   0   0   0   0   0   0   0   0   4  82   0   3   0   0   0   0   0   0   5  1.26 1.17
   95 L   -3 -5 -6 -6 -4 -2 -5 -6 -1  2  5 -5  1  1 -5 -5 -2 -4 -3  2    1   0   0   0   0   2   0   0   1  11  59   0   3   5   0   0   2   0   0  16  0.94 1.22
   96 K   -2  3 -3 -3 -5  3  2 -4  1 -3 -4  5  1 -5 -4 -1 -1 -5 -4 -4    2  18   0   0   0  15  14   0   3   2   0  35   3   0   0   4   4   0   0   0  0.79 1.21
   97 S    2 -3  1 -1  2  0  0  0  4 -4 -3 -2 -1 -2 -4  2  0 -1  2 -1   15   0   8   4   5   4   7   8   9   0   2   2   1   1   0  16   4   1   9   4  0.30 1.27
   98 S    2 -2 -2 -4  6 -4 -4  2 -1 -2 -4 -1 -4 -1 -4  3  0 -5 -1  0   14   2   1   0  18   0   0  17   1   1   0   5   0   3   0  21   6   0   3   7  0.56 1.32
   99 A    1  0 -5 -5  4 -4 -4 -4 -4 -3 -1 -4  3  1 -5  0  0  9  1  1   13   5   0   0   9   0   0   0   0   0   5   0   7   5   0   6   6  26   5  11  0.94 1.52
  100 I   -1 -1  0 -4  1 -1 -1 -1  2  2  1 -1  3  3 -1  0 -1 -4  1 -1    4   3   4   0   3   3   4   6   6  11  12   3   9  11   3   8   3   0   4   4  0.18 1.50
  101 E   -1 -3 -2  1  0  0  5 -1  2 -4 -4  0  1 -1  0  0 -3 -4 -4 -3    4   1   2   6   3   3  47   4   4   1   1   5   4   3   4   7   1   0   0   2  0.70 1.34
  102 V   -1 -4 -2 -5  3 -4 -4 -5  1  3  3 -4  1  0 -4 -2 -3  2 -3  3    6   0   3   0   5   0   0   1   4  18  29   0   4   4   0   3   0   3   0  18  0.55 1.31
  103 I   -1 -4 -1 -5  3 -2 -4 -4  0  1  3 -4  5  2 -4 -2  0  5 -3  0    6   0   4   0   6   2   0   1   2   8  27   0  15   8   0   3   5   7   0   5  0.54 1.31
  104 M   -1 -4 -1 -4  0  0 -4 -4  0  3  1 -4  4  2 -4  1  1  2  1  2    4   0   3   0   2   4   0   1   2  15  10   0  12   8   0  10   8   3   5  12  0.35 1.31
  105 L    0 -2 -2 -5  2 -1 -4 -3 -4  1  4 -4  1  3 -1 -3  0 -4 -3  1    8   3   2   0   5   2   0   2   0   7  37   0   2  11   3   1   6   0   0   8  0.45 1.31
  106 R    0  4  0  0  0 -1 -2  1  1 -3 -3 -2  3 -1 -4  1 -1  1 -1 -1    9  21   4   6   2   2   2  12   4   2   2   1   9   2   1   9   4   2   2   4  0.29 1.42
  107 S    1 -4 -1 -4  1 -1 -2 -2 -1  0  3 -1  2  2 -2  1 -1 -4 -3 -1   11   0   2   0   3   3   2   2   2   6  26   4   6   9   2  11   4   0   0   4  0.26 1.45
  108 N    3 -2  2 -3  3 -2 -4 -1  1  1 -2 -3  1 -4 -2  2 -1  0  1  0   28   2  10   1   6   1   0   4   3   7   2   0   3   0   2  13   3   1   4   7  0.37 1.54
  109 E   -1  3 -3 -4 -1  3 -2 -3  2 -3 -3  0  0  0 -2  1  1  5  3 -1    4  17   0   0   1  12   2   2   5   1   2   5   2   4   2  10   8   8  11   4  0.45 1.55
  110 S   -2  4 -3 -3  3 -2 -2 -4  2 -1  0 -1  1 -1 -4  2  1 -5  0  0    3  26   0   1   6   1   2   0   5   4  10   2   3   2   0  16   8   0   3   6  0.43 1.58
  111 F   -2 -4 -3 -5 -4 -3 -4 -2  1  1  0 -4  4  5 -3  2 -1  0  5 -1    2   0   1   0   0   1   0   4   4   6   6   0  10  20   1  16   4   1  18   4  0.61 1.56
  112 T   -3  0  4  2  1  0 -1 -1  1  0 -2  1  3 -1  0  0  1 -5 -3 -2    2   4  18  11   3   3   3   4   3   6   3   7   7   2   4   7   9   0   1   3  0.27 1.71
  113 M    1 -1 -1 -1  0 -1  0 -3  2 -2  0  2  0 -3  2  0 -1 -5 -1  1   11   2   3   4   2   3   7   2   5   2   9  12   3   1  12   6   3   0   2  11  0.17 1.71
  114 D    0 -1  0  4 -1  0  2  0  1 -4 -2  2  0 -2 -2  1 -2 -5 -2 -1    6   2   4  20   1   4  11   6   4   1   4  13   2   2   2   9   3   0   1   4  0.26 1.71
  115 D   -3  0  1  2  1  1  0  1  1 -2 -2  0 -4 -5  1  1  2 -5 -3 -3    1   5   8  10   3   5   7  10   3   3   4   6   0   0   8  11  13   0   1   2  0.23 1.72
  116 M   -2 -2  0  3 -1 -1  0  2 -1  1 -1 -2  3 -1  0  0  0 -5 -4  0    3   2   5  16   1   2   6  15   1   8   6   3   6   3   4   6   6   0   0   6  0.20 1.70
  117 S    0  0 -1 -2 -2  1 -1  0 -4  0  1  2 -2 -1 -2  1  2 -5 -2 -1    7   5   3   2   1   5   4   7   0   5  12  12   1   2   2  12  14   0   2   5  0.14 1.74
  118 W   -2 -3 -5 -2 -4 -3 -2 -5 -3  2  3 -3  3  2 -3 -3 -1  4 -2  3    3   1   0   3   0   1   3   0   1  12  30   1   7   7   1   2   3   5   1  17  0.55 1.75
  119 T    0 -3 -3 -2  1 -3 -2 -3 -3  2  3 -1 -1  0  0 -1  2 -5 -2  0    9   1   1   3   3   1   2   2   1   9  27   3   1   3   5   4  16   0   1   7  0.30 1.74
  120 C    0 -4 -1  0  5 -5 -3 -5 -2  0  2 -4 -3  5 -3 -3  1 -4  3 -1    8   1   3   5  13   0   2   1   1   4  18   1   0  22   1   1   9   0   9   3  0.59 1.84
  121 G    1 -5 -1 -2  1 -4 -3  3 -1 -1  0 -4 -1  2  1  1 -1 -5 -4  0   12   0   3   2   3   0   2  26   1   3  10   0   1   9   7  11   3   0   0   6  0.36 1.82
  122 N   -1 -1  3  1 -5  1  0  1  2 -2 -1 -2  0 -5  0  1  0 -5 -1 -2    6   3  16   8   0   6   6  10   5   3   5   2   3   0   4  10   7   0   2   3  0.22 1.91
  123 Q   -2  0  1  0  0  1  1  3  3 -3 -1 -1  0 -1  2 -2 -2 -5 -4 -2    3   5   6   6   2   6   9  21   8   2   7   3   2   2  11   2   2   0   0   3  0.28 1.93
  124 D    0 -1  1  1  2 -1 -1  1  0  0 -1 -1  2  0 -1 -1 -1  2  0  1    8   3   6   8   4   3   4  10   3   6   7   4   6   4   4   5   3   3   3   9  0.06 2.04
  125 Y    0 -1 -1 -1 -5  0 -1 -2  3 -1  1 -2  1  2 -1 -1 -1  2  2  2    6   3   3   3   0   5   3   3   6   4  12   3   4   8   3   4   4   3   8  16  0.18 2.08
  126 K   -1  0  0  0  3  1  0 -1  2  0 -1  0  2  1  0 -1  0 -5  1 -1    5   5   5   5   5   5   5   5   5   5   5   5   5   5   5   5   5   0   5   5  0.07 2.01
  127 Y   -1 -1  0 -1  0 -1 -1 -3  2  0  1 -1  1  0  1  1  1 -4  3 -1    4   4   4   4   2   3   4   2   4   5  13   4   3   4   6  11   8   0  11   4  0.14 1.98
  128 R   -1  0  0  0  3  1  0 -1  2  0 -1  0  2  1  0 -1  0 -5  1 -1    5   5   5   5   5   5   5   5   5   5   5   5   5   5   5   5   5   0   5   5  0.07 2.01
  129 V   -1  3 -1  1  0  0  2 -1  0  1 -2 -1  1 -1 -1  1  0 -6 -5 -1    5  15   3   7   2   4  11   4   3   7   4   4   4   3   3  11   6   0   0   5  0.16 2.00
  130 S   -1 -1  2  0  1  3  1 -2  2 -2  0 -2  2  0  0  1 -1 -5 -1 -1    5   3   9   6   3  11   8   3   4   2   8   2   4   4   5  10   4   0   2   4  0.15 2.00
  131 D    0  1  1  3  2  1  2 -2  1 -2 -2 -2 -1 -5  0  1 -2  0 -2 -2    7   9   7  14   5   7  13   4   3   3   5   2   1   0   4   9   2   1   1   3  0.23 1.96
  132 V    2 -1 -2  0 -5  1 -2  0  1 -1  0  0  4 -1 -1  0 -2  0  0  1   15   3   2   5   0   7   3   6   3   4   8   5  11   2   3   7   2   1   4   8  0.16 1.97
  133 T    0  2 -1 -2 -5  1 -1 -3  5 -3  1  0  0 -2 -2  0  0 -5 -1 -1    9  11   2   3   0   7   5   2  12   1  14   6   2   2   2   7   7   0   2   5  0.24 2.00
  134 K   -1  2  1 -1  3  1 -1  0  0 -2  1  3 -1 -3 -5  1 -2 -5 -5 -2    4  11   5   3   6   7   4   6   2   3  14  15   1   1   0  12   2   0   0   3  0.25 1.98
  135 A    3  1  1 -1 -2 -2 -3  0 -2 -1 -2 -2  1  0 -3  1 -2 -5 -2  2   22   7   7   4   1   2   2   8   1   3   4   3   4   4   1  11   2   0   1  15  0.24 2.00
  136 G    0 -2 -2 -1 -1 -2  1  4 -5 -2 -1  0  1 -2  1  0 -1 -6 -3 -2    9   2   2   3   1   2   9  30   0   2   7   5   4   2   8   7   4   0   1   3  0.34 2.01
  137 H   -1  0  0  0  2  0  0 -1  2  0 -1  0  2  1  0 -1  0  4  1 -1    5   5   5   5   5   5   5   5   5   5   5   5   5   5   5   5   5   5   5   5  0.09 2.12
  138 S    0 -1 -1 -2  1  0 -1  1  0 -1  0 -1  3  2 -1  1 -1  1  1  0    7   3   3   3   3   4   3   9   2   4  10   3   7   8   3  11   3   2   5   6  0.09 1.95
  139 L    1 -1 -1 -1  2  0  0  0  0 -1  0 -1  3 -2  0  0  0 -5  1  0   11   4   2   4   4   4   6   7   2   3  10   5   8   2   4   7   7   0   5   6  0.08 1.93
  140 E   -1  0  0  3 -5  1  2 -5  1  1 -2  0  1  0  1 -1 -1 -6 -4  0    6   4   4  15   0   5  14   0   4   8   4   5   3   4   7   4   5   0   0   8  0.24 1.93
  141 L   -2 -1 -1 -2  3 -1  0 -2  1  0  2  0  2  2 -2  0 -1  2  0  1    3   3   3   3   7   3   5   3   3   6  17   5   5   8   3   6   3   3   3   9  0.15 1.93
  142 I   -1 -3 -3  0  3 -2 -3 -4 -5  3  1 -3  3  1 -5 -1  0  2  2  3    5   1   1   6   6   2   2   1   0  14  12   2   8   5   0   4   5   2   6  20  0.37 1.90
  143 E   -2  4  1  2 -6  2  2 -3  0 -3 -2  0  0 -5 -5  0 -1 -6  0 -3    3  20   7  13   0   8  13   2   2   2   5   5   2   0   0   8   4   0   3   2  0.42 1.88
  144 P    1  1 -2 -1  0 -1 -2  0  3  1 -1 -2  2 -2  1  1 -2  0  0  0   13   8   2   4   2   3   3   6   7   7   6   3   4   2   7  10   2   1   3   6  0.12 1.80
  145 L   -1 -4 -1 -5  1  1 -4 -2  1  2  2 -1  5  1 -1 -4 -1 -4  0  0    4   0   4   0   3   6   0   4   4  12  22   4  15   6   4   0   4   0   4   4  0.41 1.75
  146 I   -1 -1 -1 -1  1  4  0 -5  1 -1 -1  0  1  3 -5 -2 -1  2  0  0    6   4   3   3   3  18   6   0   3   3   6   7   4  13   0   3   4   3   3   7  0.28 1.76
  147 K    1  0 -1  2 -1  2  4 -3  3 -5 -3  1 -4 -3 -2 -1 -2  1 -1 -4   10   4   3   9   1   7  31   2   6   0   3   9   0   1   2   3   2   2   2   1  0.50 1.75
  148 F   -2 -5 -6 -6 -1 -2 -5 -4 -1  1  3 -5  1  6 -6 -3  0 -4 -1  1    4   0   0   0   1   2   0   2   2   8  29   0   2  31   0   1   6   0   1   9  0.81 1.77
  149 Q    1 -5 -4 -5  2  1 -4 -2  1  0  1 -3 -3 -1 -1  2  0 -5 -1  3   13   0   0   0   5   7   0   4   4   5  11   1   0   3   3  17   5   0   2  21  0.34 1.79
  150 V   -1  2  1 -1  1  2  1 -2  1  1 -1  0 -1 -1 -5  1 -1  0 -1  0    6   9   7   3   3  10   8   3   4   8   5   6   2   3   0  12   3   1   2   6  0.14 1.75
  151 G   -1  0  1  0  3  1  0 -1  2 -4 -1  0  2  1  0  0  0 -5 -4  0    6   6   6   6   6   6   6   6   6   0   6   6   6   6   6   6   6   0   0   6  0.12 1.78
  152 L   -4 -5 -5 -6  2 -5 -5 -5 -4  1  3 -5  5  6 -2 -2 -2 -3  1 -1    0   0   0   0   4   0   0   0   0   6  26   0  16  30   3   3   3   0   4   3  0.93 1.61
  153 K    0  3  0 -1  1  0 -2  0  0 -2 -1  2  1 -2 -4  0 -2  3  2 -1    8  15   5   4   3   4   3   6   2   2   8  11   3   2   0   8   2   4   6   5  0.18 1.59
  154 K    1  2  0  0 -1  0  2 -3  0 -3 -2  1  0 -2  1  2 -1  1 -4 -3    9  10   4   5   1   4  15   2   2   2   4  10   3   2   6  15   3   2   0   2  0.23 1.62
  155 L   -3 -2 -2 -2 -4 -2 -5 -5  0  0  5 -2  5  2 -5 -4 -4 -4  0 -1    2   2   3   2   0   2   0   0   2   3  54   3  12   7   0   0   0   0   3   3  0.84 1.61
  156 N   -2  0  3  1 -1  4  1 -2  2 -5 -2  3 -2 -5 -4 -1 -1  3 -4 -2    2   5  15   6   1  17   9   3   5   0   4  16   1   0   0   4   3   4   0   3  0.45 1.52
  157 L   -4  0 -5 -2 -4 -4 -5 -6 -5  3  3 -4  4  0 -2 -3 -2  0 -4  3    0   7   0   3   0   0   0   0   0  15  31   0  11   3   3   2   1   1   0  21  0.68 1.53
  158 H   -4  0  1  6 -5  1 -1 -3  1 -5 -4 -1  1 -5 -4  1  2 -6 -5 -5    0   6   4  45   0   6   3   2   3   0   2   4   4   0   0   8  12   0   0   0  0.85 1.53
  159 E   -2  1  1  3 -5  2  2 -2  1 -1 -4  1 -1 -2  1  0 -1 -5 -1 -2    2   8   7  19   0   8  14   3   4   4   1   8   2   1   6   6   3   0   3   3  0.32 1.41
  160 E    0 -2 -1 -1 -2  1  4 -3 -1 -1 -4  0 -2 -5  0  1  3 -5 -2 -1    9   2   3   2   1   6  26   1   1   4   0   6   1   0   5  12  16   0   1   5  0.40 1.40
  161 E   -2 -3 -1  1 -6 -1  7 -4  2 -6 -3 -2 -5 -6 -4 -2 -2 -6 -5 -5    3   0   3   6   0   0  78   1   4   0   2   0   0   0   0   1   2   0   0   0  1.51 1.43
  162 H   -4 -5 -5 -6 -2 -5 -5 -5  0  1  1 -5  0  6 -6 -4 -2  0  6 -1    0   0   0   0   1   0   0   1   2   9  15   0   2  30   0   1   3   1  32   4  1.16 1.43
  163 V    4 -5 -4 -5 -1 -4 -3  2 -5  0  1 -4  0 -2 -5  0 -1 -5 -2  3   32   0   0   0   1   0   1  13   0   5  11   0   3   1   0   7   3   0   1  21  0.51 1.43
  164 L   -1 -5 -6 -6  8 -5 -6 -6 -5  0  4 -5  0 -1 -4 -3 -3 -4  1 -2    4   0   0   0  37   0   0   0   0   4  43   0   1   2   1   1   1   0   5   1  1.36 1.43
  165 L   -4 -5 -6 -6 -4 -5 -6 -6 -5  1  5 -5  5  3 -6 -5 -4 -4  1  0    0   0   0   0   0   0   0   0   0   6  60   0  16  10   0   0   0   0   5   4  1.19 1.43
  166 M   -1  1 -1 -4  4  1 -2 -4 -4 -2 -4  6  0 -3 -4  0  0 -6 -5 -2    3   6   3   0  10   6   1   0   0   2   1  48   3   1   0   7   6   0   0   3  0.81 1.44
  167 A    6 -4 -4 -5 -1 -4 -4 -1 -5 -4 -2 -4 -3  1 -4  0 -1 -5 -3  0   69   0   0   0   1   0   0   4   0   0   3   0   0   6   0   7   3   0   1   6  1.03 1.40
  168 I   -1 -5 -6 -6 -1 -5 -6 -4 -6  6  3 -5  3 -2 -5 -4 -1 -5 -3  2    5   0   0   0   1   0   0   1   0  45  25   0   6   1   0   1   4   0   1  10  0.96 1.36
  169 C   -1 -5 -3 -6  4 -5 -5 -6 -6  4  2 -5  0 -2 -5 -1 -1 -5 -4  4    6   0   1   0   9   0   0   0   0  24  17   0   2   1   0   4   3   0   0  32  0.80 1.36
  170 I    1 -4 -4 -5  4 -3 -4 -4  4  2  1 -4  4  2 -4 -3  1 -4 -2  1   11   0   0   0  11   0   0   0  11  11  11   0  11  11   0   0  11   0   0  11  0.50 0.89
  171 V   -2 -1 -5 -6  3 -4 -5 -5 -4  1  3 -4  2  5 -5 -4 -4 -3  1  0    4   4   0   0   6   0   0   0   0   7  32   0   5  32   0   0   0   0   4   6  0.79 1.00
  172 S   -1 -1  5  0  3  1 -1 -3  1 -5 -5  0 -4 -5 -4  3  1  2 -4 -4    5   3  31   5   7   7   3   0   3   0   0   5   0   0   0  20   8   3   0   0  0.62 1.00
  173 P    0 -4  1  1  3  1  0  0  3  1 -1 -3 -3 -4  1  0  0 -5 -4  0    7   0   7   7   7   7   7   7   7   7   7   0   0   0   7   7   7   0   0   7  0.19 1.45
  174 D    0 -2  2  5 -6 -1  1 -2  1 -2 -3 -2 -5 -5 -5  0  0 -6 -1  1    8   2   9  34   0   2   9   3   3   2   2   2   0   0   0   7   6   0   2  10  0.56 1.81
  175 R    0  4 -2 -4  3 -1  0 -2  0  1  1 -2  2 -5 -1  1 -1 -5 -5  1    7  20   2   0   6   2   7   3   2   7  11   2   4   0   3   9   4   0   0  11  0.28 1.76
  176 P   -2  1 -2 -1  2  0  0 -5  1 -2 -2  3  2 -2  3  0  0 -5  0 -2    3   6   2   4   4   5   6   0   3   3   3  20   5   2  15   8   5   0   3   3  0.33 1.76
  177 G   -2 -2  1  1 -5 -2  0  5  1 -5 -3 -2 -5 -2 -1  1  0  1  0 -5    2   2   6   9   0   2   5  39   3   0   3   2   0   2   3  10   6   2   4   0  0.59 1.75
  178 V   -2 -2 -5 -5 -1 -4 -1 -5 -2  2  5 -4  1 -1 -5 -2 -1 -5 -4  1    3   2   0   0   1   0   4   0   1   9  58   0   2   2   0   3   5   0   0   8  0.81 1.61
  179 Q   -2  1  0 -1 -1  2  4 -4 -1 -2 -1  2  1 -5 -3  1  0 -5 -4 -2    2   7   4   3   1   9  25   0   2   3   5  13   4   0   1  12   7   0   0   2  0.41 1.62
  180 D   -2 -2  4  3  2  0  3  0  0 -5 -3 -2 -5 -6 -4  2 -2 -6 -5 -5    3   2  18  18   5   4  17   6   2   0   3   2   0   0   0  17   2   0   0   0  0.61 1.64
  181 A   -1  2  0 -3 -3  2 -3 -1  2  0 -3  0 -2 -3  3  1 -1 -2 -3  2    6  11   5   1   0  11   0   5   5   5   2   6   1   1  15  11   3   1   1  13  0.32 1.71
  182 A    1  1 -1  0 -2  1  3 -1  1 -4 -3  2 -4 -1 -2  1  0 -1 -4 -2   12   8   2   6   1   6  17   5   3   1   2  12   0   3   2  12   4   1   0   2  0.28 1.72
  183 L   -1  1 -3 -2  0  2  1 -4  3 -1  1  3  1 -1 -2 -1 -2 -5  1 -1    4   9   1   2   2   9   8   1   8   3  13  17   3   3   2   5   2   0   4   5  0.26 1.72
  184 I   -2 -6 -6 -6 -4 -5 -6 -6 -6  5  1 -5  0  2 -6 -3 -4  2 -3  5    3   0   0   0   0   0   0   0   0  30   9   0   2   9   0   1   0   2   0  42  1.08 1.65
  185 E   -1  1 -2  2 -5  2  5 -3  1 -5 -2  1 -2 -3 -3  0 -1 -5 -4 -3    6   8   1  10   0   8  36   2   4   0   5   7   1   1   1   5   4   0   0   2  0.56 1.58
  186 A    0  3  0  0  2  1  2 -1  1 -2 -2  2  0 -3 -3  1 -2 -5 -4 -2    8  14   4   6   5   6  16   4   4   3   4  10   2   1   1   9   2   0   0   3  0.27 1.61
  187 I   -1 -3 -5 -5  3 -3 -1 -2 -2  2  4 -3  5 -2 -5 -3 -3 -5 -1  0    6   2   0   0   6   1   4   3   1  10  40   1  14   1   0   1   1   0   2   6  0.65 1.61
  188 Q   -4  5 -1 -4 -2  6 -1 -3  2 -5  0 -1 -1 -1 -4 -2 -4 -5 -1 -5    0  30   2   0   1  39   3   1   5   0   9   1   1   3   0   2   0   0   2   0  1.01 1.61
  189 D   -3 -1  3  4 -5  0  4 -4  0 -4 -4  1  1 -2 -4 -1 -2  1 -2 -4    2   4  13  20   0   4  31   0   2   1   2   7   4   2   0   4   3   2   2   1  0.65 1.61
  190 R    0  3  2 -2 -5  1  0 -2  0 -3 -2  3  1 -3 -2  0  0 -5 -1 -3    7  17  10   2   0   6   6   3   2   1   5  18   4   1   2   6   6   0   2   1  0.33 1.61
  191 L    0 -5 -3 -5 -1 -4 -5 -5 -3  3  2 -4  0  2 -5 -1 -1 -3  5  2    9   0   1   0   1   0   0   0   0  14  16   0   2   7   0   5   3   0  23  17  0.63 1.58
  192 S   -1 -2  0 -3 -2  2 -2 -5  2  2  2 -2  2 -1 -3 -1  2  1  1 -1    6   2   4   1   1  12   1   0   5  12  17   2   6   3   1   4  12   2   5   4  0.27 1.58
  193 N    1  1  1  2  0  2  1 -2  0 -2 -1  1 -1 -3 -4  2 -2 -1  0 -2   11   7   5  13   2   8  10   2   2   2   7   7   2   1   0  13   2   1   4   2  0.20 1.65
  194 T    5 -3 -2 -4  3 -3  1 -3 -4 -1 -2 -4  1 -5 -4  0  1 -5 -5 -1   46   1   2   0   6   0  11   1   0   4   3   0   3   0   0   7   8   0   0   5  0.68 1.64
  195 L   -4 -5 -6 -6  1 -5 -5 -6 -5  0  6 -5  2  2 -5 -5 -4 -4 -3 -2    0   0   0   0   3   0   0   0   0   3  81   0   3   6   0   0   0   0   0   0  1.42 1.53
  196 Q   -3  3  0  0 -1  2  3 -3  1  0  0  1  0 -1 -5 -2 -2 -5 -1 -1    2  16   5   4   1  10  17   2   4   5  11   9   2   2   0   3   1   0   2   5  0.30 1.65
  197 T    0  1 -1  3 -5  1  2 -4  5 -2 -1  1 -3 -3 -3 -2 -2  3  0 -2    9   6   3  14   0   5  14   1  14   2   5   8   0   1   1   3   2   4   4   2  0.40 1.64
  198 Y   -2 -1 -4 -5 -2  0 -1 -6  6 -1 -1 -4 -1  1 -5 -3 -3  1  7  0    4   3   0   0   1   4   4   0  18   3   5   0   2   4   0   1   1   1  41   8  1.10 1.64
  199 I   -3 -5 -4 -5  5 -3 -3 -3 -5  5  1 -5  1 -3 -5 -3  1 -5 -2  2    2   0   1   0  11   1   1   2   0  34  14   0   4   0   0   2  10   0   2  15  0.78 1.61
  200 R   -1  2  1 -1  1  1  1 -1  1 -1  0  1  2 -5 -1  0  0 -5  0 -1    6  13   8   3   3   6   8   4   3   3   8   8   5   0   4   7   6   0   3   4  0.14 1.95
  201 C   -1  0  1 -1  4  1 -1 -1  2 -1 -1  2  1  0 -1  0  0 -5  1 -2    6   4   7   4   8   5   4   4   4   3   7  13   3   3   3   8   6   0   5   3  0.14 1.98
  202 R   -2  3  3 -4  0  2 -1 -1  3 -1 -3  1  0 -5 -2  0  1  3 -1 -2    3  18  13   0   2   8   3   4   7   3   3   7   2   0   2   6   8   4   2   3  0.36 1.98
  203 H   -2  2 -1 -4 -6  2 -2  1  7 -3 -4 -1  0 -1 -2 -1 -3  0  5 -4    3  11   3   0   0   8   3  10  24   1   2   4   3   2   2   4   2   1  16   1  0.72 1.95
  204 P   -1  0  1 -3 -4 -1 -2  2  2 -2  0 -1 -1 -4  4  1 -2 -4 -1 -3    6   6   8   1   0   2   3  13   4   2   8   4   2   1  22  10   2   0   3   2  0.37 1.73
  205 P    0 -1  2  1 -1  0  1  0  0 -1 -1 -1 -1 -2  0  2  0  0  0 -2    7   4   9   7   1   5   9   8   3   4   5   4   2   2   4  15   6   2   3   2  0.11 1.71
  206 P   -3 -1 -1 -1  2  3  0 -3 -1 -2 -2  0 -2 -2  5  1 -2 -1 -1 -1    2   3   2   3   4  15   7   2   1   2   4   6   1   2  24  11   2   1   2   4  0.45 1.92
  207 G    0 -1  0  2 -1  4 -1  1  3 -5 -4 -2 -1 -5  2  1  1  1 -3 -3    9   2   5   9   1  20   3  10   6   0   1   2   1   0  10   8   7   2   1   2  0.39 1.97
  208 S    0  2 -1  2  1  4  0  1  3 -2 -5 -1 -1 -6 -2  2 -2 -1 -5 -3    7  10   3  10   3  20   5   9   7   3   0   2   2   0   2  13   2   1   0   1  0.42 1.95
  209 H    0  3 -1 -1 -1  2 -1 -3  1 -3 -2  0 -1  0  3  1 -2  0 -1 -2    7  19   2   3   2   8   3   2   4   1   4   5   1   4  14  13   3   1   2   3  0.32 1.84
  210 L   -1  0  1  0  3  1  0 -1  2  0 -1  0  2  1 -5  0  0 -5  1  0    6   6   5   6   5   5   6   6   5   6   6   6   5   5   0   6   6   0   5   6  0.11 1.89
  211 L   -1  5 -4 -5  2  1 -4 -5  1  0  0  0  2  2 -1 -4 -1 -4  1  0    5  28   0   0   4   5   0   0   4   5  10   5   6   8   4   0   4   0   6   5  0.46 1.68
  212 Y   -2 -5 -5 -5 -4  0 -5 -5 -4  0  3 -5  1  6 -5 -1 -4  4  3 -1    3   0   0   0   0   4   0   0   0   5  25   0   4  34   0   5   0   6   9   3  0.88 1.50
  213 A    3  0 -1 -1 -1  0 -2  2 -1 -2 -3 -3 -4 -3  3  1  1 -5 -2 -4   23   5   3   3   1   4   3  14   2   2   2   0   0   1  14  12   9   0   2   0  0.38 1.60
  214 K   -2  2  0 -1 -1  3  0 -3  1 -2 -3  5 -1 -5 -4  0 -1 -5 -4 -3    3  11   4   2   1  12   6   2   3   3   2  37   2   0   0   6   4   0   0   2  0.64 1.60
  215 M   -1 -5 -5 -6 -4 -5 -5 -6 -5  2  5 -5  3  0 -5 -4 -2 -4 -4  0    4   0   0   0   0   0   0   0   0  11  66   0   6   2   0   0   2   0   0   4  1.10 1.44
  216 I   -4 -4 -1 -5 -4 -4 -2 -5 -1  1  5 -4  3 -1 -2 -4 -1 -4 -4  0    0   0   3   0   0   0   2   0   2   8  63   0   8   2   3   0   4   0   0   4  0.94 1.38
  217 Q    0 -2  0  0  0  1 -2  1 -2 -2  2 -2  5 -4 -2  0 -2 -1 -4 -2    9   2   5   7   2   7   2  10   1   2  22   2  14   0   2   8   1   1   0   3  0.27 1.46
  218 K    0  2 -2 -2  2 -1 -3 -5 -1  1  1  4  1 -3 -5 -1  0  0 -4 -1    7  11   1   2   4   3   0   0   2   9  16  25   3   1   0   5   6   1   0   3  0.36 1.52
  219 L   -2 -2 -3 -5 -4 -4 -4 -4 -5  3  5 -5  4 -3 -5 -4 -3 -5 -4  1    2   2   1   0   0   0   1   1   0  15  56   0  11   0   0   0   1   0   0   7  0.97 1.45
  220 A    0 -4 -1 -1 -4 -2 -1 -2  2 -4 -3 -3 -4  0  6  2  2 -5 -4 -1    8   0   2   3   0   2   3   2   4   0   2   0   0   4  35  13  16   0   0   5  0.74 1.43
  221 D   -1 -3 -1  3 -5 -1  3 -4  3 -1  0 -1 -3 -4  0  1  1 -5 -2 -3    4   0   2  19   0   2  23   0   6   4  10   4   0   0   4   9   7   0   2   1  0.42 1.41
  222 L   -3 -5 -6 -6 -4 -5 -5 -6 -5  3  5 -5  1  2 -5 -5 -3 -4 -3  1    2   0   0   0   0   0   0   0   0  17  59   0   2   7   0   0   1   0   0   9  1.04 1.39
  223 R   -3  7 -3 -2 -1  2 -1 -4  2 -3 -2  0 -3 -5 -4 -1 -2 -5 -4 -3    1  61   0   2   1   8   4   1   4   2   3   3   0   0   0   5   2   0   0   2  1.12 1.32
  224 S    0 -1 -1 -1 -1  1  1 -3  4 -3 -2 -1  1  0 -3  3  1 -4 -1 -2    7   4   2   3   1   7   8   2  11   1   3   4   4   4   1  24  10   0   2   2  0.31 1.36
  225 L   -2 -5 -5 -5 -4 -2 -5 -5 -5  5  3 -4  3 -1 -5 -3  0 -4 -4  2    3   0   0   0   0   2   0   0   0  30  32   0   8   2   0   2   5   0   0  13  0.77 1.39
  226 N    1 -2  2 -2  3 -1 -2  1  0 -4 -4 -1 -4 -5 -4  4  0 -5 -4  1    9   1  11   2   7   3   2  11   2   0   0   3   0   0   0  33   4   0   0  10  0.47 1.41
  227 E    1 -1  2 -1 -4  3  0 -2  0 -1 -1  0  1 -2 -3  1  1  1 -3 -1   12   3  11   3   0  13   5   3   2   4   5   6   3   2   1  10   9   2   1   4  0.17 1.43
  228 E   -3  1 -2 -1  1  4  1 -3 -1 -3  0  3  3  0 -1 -1 -2 -5 -2 -3    1   6   1   3   3  18   9   2   1   1   9  20   8   4   2   4   1   0   1   1  0.37 1.46
  229 H    0 -3  1 -4  0 -1 -3  1  7  0 -1 -2  0  0 -3 -3  0 -4  0  0    9   1   6   0   2   2   1  13  25   6   7   2   2   3   1   1   6   0   3   6  0.47 1.48
  230 S    2 -3 -3 -5 -4  0 -1 -2 -2  1  1 -1  4  1 -5  1  0 -5 -4  1   15   1   1   0   0   4   5   3   1   9  15   3  11   5   0  13   6   0   0   8  0.26 1.54
  231 K   -2  0  0  1 -6  3  5 -3 -2 -5 -5  0  0  0 -3  0 -3 -5  1 -5    3   4   4   6   0  13  41   2   1   0   1   4   2   4   1   5   1   0   6   0  0.70 1.56
  232 Q    0  1 -2  0  2  2  1 -4  5 -2  0  0  2  0 -4 -2 -3 -4  0  0    7   7   1   5   4  10   9   0  14   2   9   6   5   4   0   3   1   0   4   6  0.28 1.48
  233 Y   -3 -3 -5 -5  2 -4 -5 -4 -2  1  5 -4  0  3 -5 -4 -3 -4  1  1    1   1   0   0   5   0   0   2   1   5  50   1   2  13   0   0   1   0   5   8  0.77 1.49
  234 R   -1  1 -1 -1 -1  4 -2 -4  2  0 -2  0  1  3 -4 -1 -2 -3  4 -2    5   8   2   4   2  17   2   1   5   5   2   5   4  14   0   4   3   0  13   2  0.35 1.43
  235 C    0 -1 -1 -2  2 -1 -1 -2  2  1  0  0 -2  1 -3  1  1  3 -1  0    9   3   2   2   4   3   4   2   5   9   9   6   1   6   1   9   8   3   2   7  0.08 1.35
  236 L   -1 -4 -4 -5 -4 -1 -4 -5 -4  1  3  0  2  5 -5 -2 -1  1  1 -1    4   0   0   0   0   3   0   1   0   7  27   5   4  28   0   2   4   2   3   4  0.60 1.48
  237 S   -3  2  0 -1 -3 -2 -2 -2  5 -3 -3  3 -4  3 -5  1  0 -4  1 -4    2  12   5   3   1   1   2   3  12   2   3  20   0  11   0  11   6   0   5   0  0.43 1.56
  238 F   -2 -2 -3 -2  0  0 -3 -2 -4  1  3 -2  5  2 -5 -3 -2 -4 -3  1    4   3   1   2   2   5   2   4   0   6  27   3  13  10   0   2   2   0   0  11  0.38 1.50
  239 Q   -2  1  1  0 -5  2 -1 -3  3 -3 -4  4 -4 -2 -3  0 -3 -5 -1 -1    2   7   8   5   0  11   2   1   8   2   1  30   0   2   1   8   0   0   2   6  0.47 1.50
  240 P   -2  0  0  1  2 -1 -3  1 -4 -2  1 -1  1 -4  3 -2  1 -4 -4  0    3   4   4   7   4   3   1  10   0   1  15   4   4   0  16   3  10   0   0   6  0.21 1.43
  241 E   -1 -2 -2  0 -4  0  4 -2  1  1 -2  2 -2  0  0  0 -2  0 -3 -2    5   2   1   6   0   3  26   2   4   8   3  12   1   5   6   6   3   2   0   2  0.27 1.45
  242 C   -2 -4  1 -1  4 -4 -3  1  2  2  0 -4  3 -2 -2 -1  1 -5 -4  2    3   1   6   4   7   0   1  11   5  13   8   0   7   1   2   5   8   0   0  13  0.24 1.50
  243 S   -2 -2  2  1 -4  1 -2 -4 -1 -3 -1  1 -1 -3  4  2 -1 -5 -3  0    2   2  11   8   0   6   2   0   1   1   6   9   1   1  18  15   3   0   1   8  0.32 1.52
  244 M    0  0  0 -4 -3 -3 -2 -2 -1  0 -1 -2  3 -2 -4  0  2 -4 -2  4    9   5   5   1   0   0   2   4   2   3   5   2   9   2   1   6  13   0   1  32  0.40 1.42
  245 K    0 -1 -1 -1  1  1  2 -2  1 -4 -1  1 -3 -2  3  2 -3 -4 -4 -2    9   3   2   3   3   6  16   2   3   1   7   9   0   2  16  15   1   0   0   3  0.33 1.43
  246 L   -2 -3 -5 -5 -4 -4 -5 -5 -4  2  4 -4  4  5  0 -4 -2 -3 -2  0    2   1   0   0   0   0   0   1   0   9  34   0  12  24   5   1   3   0   0   6  0.80 1.43
  247 T   -3 -3 -2  2 -5 -3  0 -4  5 -1 -5 -2 -1 -4  6 -2  0 -5  2 -3    1   1   2  10   0   0   6   0  13   4   0   2   1   0  41   2   7   0   7   2  1.01 1.46
  248 P    0 -2 -1  2 -5 -3  3 -4 -4 -4 -5 -1 -5 -6  6  0  0 -6 -5 -5    8   2   3  12   0   0  20   0   0   1   0   4   0   0  38   7   5   0   0   0  0.97 1.49
  249 L   -4 -5 -6 -6 -4 -2 -5 -6 -5  0  5 -5  6  2 -6 -5 -4 -4 -3 -2    0   0   0   0   0   2   0   0   0   4  60   0  25   8   0   0   0   0   0   1  1.35 1.52
  250 V   -4 -5 -6 -6 -4 -5 -6 -5 -5  3  4 -5  5  3 -6 -4 -3 -4  2 -1    0   0   0   0   0   0   0   1   0  16  47   0  13  12   0   1   1   0   8   2  1.02 1.52
  251 L    1  1 -4  0 -1  3 -1 -2 -4 -1  2  1  2 -4 -5  1 -2 -5 -5 -2   11   9   0   7   2  14   3   2   0   2  23   7   6   0   0   9   1   0   0   3  0.33 1.53
  252 E   -4 -3 -1  1 -7  0  7 -5 -3 -6 -6  0 -5 -6 -4 -2 -4 -6 -5 -6    0   0   3   6   0   1  85   0   0   0   0   4   0   0   0   1   0   0   0   0  1.79 1.49
  253 V   -4 -5 -6 -6 -4 -4 -6 -6 -6  5  2 -5  7 -3 -6 -4 -4 -5 -4  2    0   0   0   0   0   1   0   0   0  36  14   0  35   0   0   1   0   0   0  12  1.38 1.55
  254 F   -5 -5 -6 -7 -5 -5 -6 -6 -5  3  3 -6  1  5 -6 -4 -4  5  3 -2    0   0   0   0   0   0   0   0   0  20  32   0   3  27   0   1   0   9   8   0  1.13 1.49
  255 G   -1  2 -3 -2  1 -2  3  1 -1 -5 -2  1 -1 -5 -4  4  1 -6 -5 -3    2  10   0   2   3   0  20   9   1   0   3   8   2   0   0  30   8   0   0   2  0.50 1.38
  256 N    1 -4  4  5 -5 -3 -1 -4 -3 -4 -5 -3 -2 -5 -4  2  1 -6 -5 -1   10   0  22  34   0   0   2   0   0   0   0   0   1   0   0  16   8   0   0   6  0.82 1.28
  257 E   -3 -2 -2  1 -5  6  2 -4 -2 -5 -5  1 -3 -5 -1  1  2 -5  0 -4    0   0   0   6   0  45  14   0   0   0   0   6   0   0   3  10  13   0   4   0  0.89 1.12
  258 I   -3 -5 -5 -6 -3 -5 -5 -6 -5  4  4 -5  0  0 -5 -4 -3 -4 -3  3    0   0   0   0   0   0   0   0   0  30  43   0   0   4   0   0   0   0   0  23  0.93 0.86
  259 S    2 -2 -1 -1 -2 -1 -1 -1 -2 -3 -3 -1 -2 -3 -2  5  0 -4 -3 -2   18   0   0   0   0   0   0   0   0   0   0   0   0   0   0  82   0   0   0   0  0.75 0.32

                      K         Lambda
Standard Ungapped    0.1360     0.3202
Standard Gapped      0.0410     0.2670
PSI Ungapped         0.1512     0.3172
PSI Gapped           0.0463     0.2670
