
Last position-specific scoring matrix computed
           A  R  N  D  C  Q  E  G  H  I  L  K  M  F  P  S  T  W  Y  V
    1 S    0 -2  0 -1 -2 -1 -1 -1 -2 -3 -3 -1 -2 -3 -2  6  0 -4 -3 -3 
    2 Y   -1 -2 -1 -1 -2  0  1 -3  1 -2 -2 -2 -2 -1 -2  0  5 -1  4 -1 
    3 A    6 -2 -3 -3 -1 -2 -2 -1 -3  0 -2 -2 -2 -3 -2  0 -1 -4 -3 -1 
    4 E   -1 -3 -2 -2 -4  0  2  0  2 -3 -3 -2  0  2 -4  0  0  5  5 -3 
    5 G   -1 -4 -1 -3 -5 -4 -4  7 -4 -6 -6 -4 -5 -5 -4 -1 -4 -4 -5 -5 
    6 P    0 -3 -3 -2 -4  0  2 -3 -3 -4 -2  0 -3 -5  7 -1 -1 -5 -4 -3 
    7 G   -1 -4 -1  0 -5 -3 -3  7 -4 -6 -6 -4 -5 -5 -4 -1 -4 -4 -5 -5 
    8 L   -2 -4 -5 -6 -3 -4 -5 -6 -5  2  5 -4  0 -2 -5 -4 -2 -4 -3  1 
    9 D    0  0  0  0 -4  1  3 -1  4 -3 -4  1 -3 -4  0  1  0 -5 -3  0 
   10 G    0  1  0 -2 -5  2  2  3  3 -5 -4  1 -3 -4 -3 -1 -3 -4 -3 -4 
   11 G    2 -1 -2 -1  0 -3 -3  5  0 -3 -2 -3 -3 -4 -3 -1  0 -4 -4  0 
   12 E   -2  0 -3 -3 -3  0  0 -4  0  1  1 -3  0  2  0  0  2  1 -2  2 
   13 C    2 -3 -3 -1  1 -3 -1 -3 -4  0  0 -3  0 -3 -3  0  3 -4 -3  3 
   14 F   -2 -2  1 -1  0 -3 -3  4  3  0  0  0 -3  1 -4 -1 -3 -4 -2 -1 
   15 Q    0  0 -2  0 -4  4  1 -4 -3  0 -2  1 -2 -1  0 -1  0 -4 -3  1 
   16 P   -1  0 -3 -1 -4  0  0 -4 -3  0 -3  2 -3 -5  6 -1  0 -5 -4 -1 
   17 S    3  0  3 -2  0 -2 -2 -1  1 -2 -3 -2  0 -4 -3  1  0 -5 -3  1 
   18 K   -2  0  0  0 -1  0  3 -3  0 -2 -4  0 -3 -3  2  2  1 -4  1 -2 
   19 F   -3 -5 -5 -5 -4 -4 -2 -5 -3 -1  0 -4 -1  8 -6 -4 -3 -1  0 -1 
   20 K   -2  0 -2 -2 -3 -2 -3 -1 -3  0  0  0 -2 -1 -3  0  5 -4  0  0 
   21 I   -2 -5 -5 -5  0 -4 -4 -5 -5  5  1 -4  0  0 -4 -1 -2 -4 -2  5 
   22 H   -3 -1  0  4 -4  1  1 -4  3  0 -2 -2 -2 -1 -3 -1  0  1  0  0 
   23 A    2 -3 -2 -3  5 -3 -3 -1 -4 -3 -3 -3  0 -4 -3  1  5 -4 -4 -2 
   24 V   -2  2 -2 -3 -3 -2 -2  0 -3  0 -1  3 -2 -3 -3  0  0 -4 -3  3 
   25 D   -3 -2  0  7 -4  3  0 -3 -2 -4 -5 -2 -3 -4 -2 -1  0  3 -3 -4 
   26 P    3  0 -2  0 -3  0 -2 -3 -3  0 -2  1 -2 -4  1  0  2 -4 -3  0 
   27 D    0  0 -1  5 -4 -1  1  0 -2 -3 -1  1 -3 -4 -2  1 -2 -5 -4 -3 
   28 G    0 -3  0  0 -4 -3 -2  6 -3 -5 -5 -3 -4 -4 -3  1  0 -4 -4 -4 
   29 V   -2  2  3  0 -4  0  3 -3 -2 -2 -3  1 -2 -4 -3 -1 -2 -5 -3  2 
   30 H    0  1 -2 -3 -3  1 -1 -3  4  0  0  2  4 -3 -3  0 -2 -4 -2 -1 
   31 R   -2  3 -3 -4  4 -2 -3 -4 -3  1  2 -2  2  1 -4 -3 -2 -3 -2  2 
   32 T   -2  1 -2 -3  4 -1  0 -1 -3 -3  0  3  1 -4  2 -1  3 -4 -3 -2 
   33 D    2  0  1  1 -3 -2  0 -2  1  0 -2  0 -2 -3 -3  1  2 -4 -3  1 
   34 G   -1 -4 -1  0 -5 -3 -3  7 -3 -6 -6 -3 -5 -5 -3  0 -3 -4 -5 -5 
   35 G   -1 -3  0 -2 -4 -2  1  4 -3 -3 -2 -1 -3 -3 -1  1  0 -4  0  0 
   36 D    0 -3  0  4 -4  0 -1  4  1 -4 -1  0 -3 -4 -3 -1 -3 -4 -4 -4 
   37 G   -2 -1  1  0 -4  0  1  3 -3 -3 -1  0  1 -3  0 -2  0 -4  1  0 
   38 F   -3 -4 -4 -5 -3 -1 -4 -5 -4  1  4 -4  2  4  0 -3 -3 -3 -1  1 
   39 V    0  1  0 -2  0  1  1  0 -2 -3 -2  2  0 -4 -3  2  1 -4 -4 -1 
   40 V    1 -4 -4 -4  2 -4 -4 -4 -4  3  1 -4 -1  0 -4 -3  0 -4 -3  4 
   41 T    2  0 -2  0 -3  1  2  0  0 -4 -3  0  0 -4 -1  0  3 -4 -3 -3 
   42 I   -1 -4 -5 -5  0 -4 -4 -5 -5  4  1 -4  1 -2 -4 -3 -2 -5 -3  5 
   43 E   -2  0  0  0  0  0  4 -3  2 -4 -4  0 -3 -4 -3  2  3 -4 -3 -3 
   44 G    0 -1 -2  0 -4 -3 -1  6 -3 -5 -5  0 -4 -5 -1  0  0 -4 -5 -4 
   45 P   -1 -3 -3  0 -5 -2 -1  0 -3 -5 -5  0 -4 -6  8 -2 -3 -6 -5 -4 
   46 A    0  0  1  0  3  0  1 -2 -3 -4 -2  0 -3 -4 -3  4  0 -5 -4 -3 
   47 P   -2 -2  0  0 -5  0  3  3 -3 -2 -4  3 -3 -5  1 -1  0 -5 -4  0 
   48 V    3 -2 -3 -3 -3  0 -1 -1 -3  0 -2  2 -2 -4  0  0  0 -5 -3  2 
   49 D   -1  1  0  2 -5  0  4 -1 -2 -4 -4  4 -3 -5  0 -2 -3 -5 -4 -1 
   50 P    0 -4 -4 -4 -3 -3 -4 -1 -4  4  0 -4  3 -3  0 -1  1 -4 -3  3 
   51 V   -1  0  0  0 -4  2  3 -2  1 -3 -2  1  0 -4  0  0  0 -4  0  0 
   52 M   -2  0 -4 -5  7 -4 -4 -5 -4  2 -1 -3  1  0 -4 -2  0 -4 -3  4 
   53 V   -2  0 -2  1 -4  2  1 -4  1 -2  0  2  1 -4 -3  0  0 -4 -3  2 
   54 D   -3 -1 -1  6 -5 -1  2 -3  3 -5 -5 -1  0 -4  0 -1 -3 -5 -4 -4 
   55 N   -2  2  5 -2 -4  0 -1 -1  2 -3  0  0  2 -4 -1 -2  0 -5 -3 -1 
   56 G   -1  0  1 -1 -5  0  0  4  1 -5 -5  3 -4 -5  2 -2 -3 -5 -4 -4 
   57 D   -3 -1  4  6 -5 -1  1 -2 -2 -5 -5  0 -4 -5 -3  0 -2 -6 -4 -5 
   58 G   -1  1  0 -3 -5 -1 -3  7 -3 -6 -5 -3 -4 -5 -4 -1 -3 -4 -5 -5 
   59 T    0  0 -1 -2 -3  0 -2 -3 -3 -1 -2  0 -2 -4 -3  3  5 -4 -4  0 
   60 Y   -2 -4 -4 -4  7 -1 -4 -4  2  0 -1 -4 -2  2 -5 -1 -3 -1  7 -2 
   61 D    0  0  1  2  0 -2  1  0  1  0 -2  0 -3 -4 -3  2  1 -4 -1 -3 
   62 V   -1 -5 -5 -5  2 -4 -4 -2 -5  2  1 -4 -1  0 -4 -3 -2 -4 -2  6 
   63 E    0  2  0  0 -3  0  0 -2 -3 -3 -1  1  0  0 -3  3  1 -4 -3  0 
   64 F   -4 -4 -4 -5 -4 -3 -4 -5  0 -2 -1 -4 -2  4 -5 -4 -4  2  9 -3 
   65 E   -1  1 -3  0  1 -1  0 -4 -3  0  0  0 -1 -3 -4 -2  2  2  0  3 
   66 P    1 -4 -4 -3 -3 -3 -3 -3 -4 -2 -1 -3  0 -4  7 -2 -2 -5 -4  1 
   67 K   -2  0 -2  0  0  2  0 -4 -3 -3 -3  2  1 -3  2  0  4 -4  1 -3 
   68 E    1  0 -2  1 -4  0  5 -3 -2 -3 -3  0 -3 -1 -3 -2  0 -5 -3  1 
   69 A    0  0 -3 -2 -4 -1  0 -3 -3 -3 -3  0  1 -5  6  0  0 -5 -4  0 
   70 G   -2 -2 -2 -3  0 -4 -4  7 -4 -6 -6 -2 -5 -5 -4 -2 -4 -4 -5 -5 
   71 D   -3 -1  3  4 -4 -1  2 -3 -2 -1 -4  0 -3 -4  1  0  1 -5 -1  0 
   72 Y   -4 -3 -3 -5 -4 -3 -3 -5  4 -2  0 -4 -2  1 -5 -4 -4  0  9 -3 
   73 V   -1  0  0  0 -3  0  0 -4  0  2  0  0  0 -1 -1  0  2 -4 -3  0 
   74 I   -2 -5 -5 -5  0 -4 -4 -5 -5  5  2 -4  0 -2 -4 -4 -2 -4 -3  4 
   75 N    0 -2  4  0  1  0  1 -1  3  0 -2 -2 -3 -4 -3  2  0  0 -3 -1 
   76 L   -2 -5 -5 -5 -3 -4 -4 -5 -5  4  0 -4  0 -2 -4 -4 -2 -5 -3  6 
   77 T   -1  0 -2  0  0  0 -1 -4 -3 -1  1  5 -2 -4 -3  0  0 -4 -3  0 
   78 L   -2 -4 -4 -5  2 -4 -4 -5  0  0  1 -2 -1  5 -5 -4 -3  6  4 -1 
   79 D    0  0  3  2 -4  0  0  3  1 -4 -4  0 -4 -1 -3 -1 -2 -4  0 -4 
   80 G   -2 -3  1  4 -5 -2  2  5 -3 -5 -5 -1 -4 -5 -3 -1 -3 -4 -4 -4 
   81 D   -1  1  1  0 -4  4  3 -3  1 -4 -3  2  0 -4 -3 -1 -1 -4 -3 -1 
   82 N   -1 -1  0  0 -4 -1  0 -3  8 -4 -4 -2 -3 -1  4 -1 -3 -4 -1 -4 
   83 V   -2 -5 -5 -5 -3 -4 -4 -5 -5  5  0 -4  0 -2 -4 -4 -2 -5 -3  5 
   84 N    0  1  0 -2 -4  0  0 -3 -3 -4 -3  1  0 -5  6 -2  0 -5 -4 -1 
   85 G   -2  0  1  0  0 -3 -1  6 -3 -5 -5 -1 -4 -1 -1 -2 -3  0 -4 -4 
   86 F   -1 -3 -1 -2  2 -2 -1 -1 -3 -3 -3 -2  0  0 -3  6  0 -4 -3 -3 
   87 P   -3 -4 -4 -3 -5 -3 -3 -4 -4 -4 -4 -3 -3 -6  8 -3 -3 -6 -5 -2 
   88 K   -3 -4 -4 -5 -4 -4 -4 -5 -2  0 -1 -1 -2  8 -5 -4 -3  0  4 -1 
   89 T   -2  2 -2  0  0  1  0 -4 -3  0 -1  2 -2 -4  0  0  2 -4 -3  0 
   90 V    1 -4 -4 -5 -2 -4 -4 -4 -4  2  0 -4 -1  0 -4 -3 -2 -4 -2  6 
   91 T   -2  0  2  0 -4 -1 -2 -3  1 -3  0  3  4  0  1  0  1 -4 -3 -2 
   92 V   -2 -5 -5 -5 -2 -4 -4 -5 -5  4  0 -4  0 -2 -4 -3 -2 -5 -2  6 

                      K         Lambda
Standard Ungapped    0.1431     0.3138
Standard Gapped      0.0470     0.2700
PSI Ungapped         0.1594     0.3179
PSI Gapped           0.0559     0.2700
