
Last position-specific scoring matrix computed, weighted observed percentages rounded down, information per position, and relative weight of gapless real matches to pseudocounts
           A  R  N  D  C  Q  E  G  H  I  L  K  M  F  P  S  T  W  Y  V   A   R   N   D   C   Q   E   G   H   I   L   K   M   F   P   S   T   W   Y   V
    1 M   -4 -4 -5 -6 -4 -4 -5 -6 -5  4  2 -4  9 -3 -5 -4 -3 -4 -4 -1    0   0   0   0   0   0   0   0   0  24  13   0  63   0   0   0   0   0   0   0  1.72 1.27
    2 Q   -4  3  1 -1 -6  5  1 -5 -1 -2 -3  3 -1 -2 -4 -1 -2  2 -2 -5    0  15   6   3   0  32   6   0   1   3   2  20   1   1   0   4   2   3   1   0  0.74 1.36
    3 I   -4 -6 -6 -6 -4 -5 -6 -6 -6  6  2 -5  0  0 -6 -5 -3 -5 -1  4    0   0   0   0   0   0   0   0   0  44  17   0   1   3   0   0   0   0   2  33  1.20 1.41
    4 F   -4 -1 -1 -3 -5  0 -4 -5  1 -1  0  1 -3  6 -5 -1  3 -3  0 -2    0   3   2   1   0   4   0   0   3   3   7   9   0  37   0   5  22   0   3   2  0.75 1.44
    5 V   -3 -6 -6 -6 -4 -5 -6 -6 -6  3  1 -5 -2  1 -5 -5 -3 -5 -4  6    0   0   0   0   0   0   0   0   0  15   9   0   0   6   0   0   0   0   0  71  1.41 1.45
    6 K   -4  4 -2 -2 -6 -1  1 -5 -4 -2 -4  6 -2 -6 -4 -1 -2 -6 -5 -3    0  23   1   1   0   1   7   0   0   2   1  55   1   0   0   4   2   0   0   2  1.16 1.50
    7 T   -1 -3  2 -2  0 -4 -4  0 -4 -2 -1 -4  0  0 -4  1  6 -5 -3 -2    3   1  10   2   2   0   0   6   0   2   6   0   3   4   0   8  51   0   1   2  0.79 1.51
    8 L   -2 -2 -1 -3  0  0 -1 -4 -4 -1  4 -4  3 -2  3 -1 -4 -5 -4 -1    3   3   3   2   2   4   5   1   0   3  41   0   8   2  15   5   0   0   0   2  0.55 1.49
    9 T   -2 -2  2  3 -2  1 -2 -1  1 -3 -4  3 -3 -4 -1  1  3 -6 -5 -4    3   1   9  16   1   7   1   4   3   2   1  18   1   1   3  11  19   0   0   0  0.48 1.51
   10 G   -2 -4 -1  3 -5  1 -1  6 -4 -6 -6 -2 -5 -5 -4  0 -4 -1 -2 -5    1   0   2  14   0   7   3  60   0   0   0   2   0   0   0   7   0   1   2   0  1.18 1.49
   11 K   -3  3  1 -2 -5  3 -1 -3 -1 -4 -3  5 -4 -5 -4  2  1 -5 -3 -3    0  13   6   1   0  11   3   2   1   1   2  34   0   0   0  13   8   0   1   2  0.65 1.46
   12 T   -3 -1 -2 -1  1  0  2 -2  2 -1 -2  1 -2 -3 -4  1  4 -4 -2 -1    1   3   1   3   3   3  12   4   5   3   3   8   1   1   0  10  32   0   1   5  0.43 1.43
   13 I   -2  0 -3 -3  1 -4 -3 -2  3  4  0 -1  1  4 -4 -2 -1  0  2  0    2   5   1   2   3   0   2   4   6  21   8   3   3  18   0   3   3   1   7   6  0.40 1.39
   14 T   -1 -2  0  0  0 -1  2 -4 -1 -2 -3  0 -3 -2  1  0  4 -5 -3  0    4   1   4   6   2   2  15   0   2   3   3   5   0   1   7   6  32   0   1   6  0.43 1.45
   15 L   -3 -4 -5 -5 -4 -4 -5 -5 -4  3  4 -3  0  3 -5 -4 -2 -3  2  3    2   0   0   0   0   0   0   0   0  18  35   2   2  12   0   0   2   0   6  18  0.75 1.38
   16 E   -2  2  1  2 -5  0  4 -3  2 -2 -4  0 -2 -3 -2  0  1 -1 -1 -2    3   9   5  13   0   4  28   2   5   2   1   4   1   1   2   6   7   1   2   3  0.42 1.38
   17 V    0 -5 -5 -5  0 -4 -5 -5 -5  3  1 -4  1 -1 -4 -2 -1 -5 -3  6    7   0   0   0   2   0   0   0   0  14   9   0   4   3   0   3   2   0   0  54  0.91 1.38
   18 E    0 -1  1  3  0  0  3  0 -1 -4 -2  1 -2 -5  0  1 -2 -5 -1 -4    6   3   6  17   2   3  22   6   1   0   5   7   1   0   4  12   2   0   2   0  0.36 1.38
   19 P    0  0 -1 -1 -4 -2  1 -1 -4 -1  0  0 -1 -2  4  1 -2 -5  0 -2    8   6   3   3   0   2   8   5   0   4  12   6   2   2  25   9   1   0   3   2  0.34 1.39
   20 S   -2 -1  2  2 -2  0  1 -2 -3 -4 -3  0 -2 -1 -3  3  2  2  0 -4    3   3  12  10   1   4   7   3   0   0   2   7   1   3   1  20  15   3   4   0  0.34 1.39
   21 D    0 -3 -1  5 -1 -1  3 -3 -1 -2 -2 -1 -2 -5 -4  1  0  1 -4 -3    7   0   2  37   1   3  17   1   1   3   5   4   1   0   0   8   5   2   0   2  0.63 1.39
   22 T   -2 -2  0 -2 -4 -1 -2 -2 -1 -3 -2  0 -3 -2 -1  2  6 -4 -1 -3    2   2   4   2   0   2   2   2   2   0   3   6   0   2   3  12  54   0   2   0  0.77 1.24
   23 I   -3 -4 -5 -5 -3 -4 -4 -2 -5  4  0 -4  1 -1 -4 -4  0 -4 -3  5    0   0   0   0   0   0   0   4   0  26   4   0   3   3   0   0   5   0   0  52  0.97 1.18
   24 E    1  0 -1  1 -4  1  3  0 -3 -2  0  1 -1 -1 -4  2 -2 -4 -2 -2   10   4   2   7   0   5  18   7   0   2  12   7   2   3   0  16   2   0   1   2  0.21 1.18
   25 N   -1 -1  2  1 -4  3  3 -3  1 -3 -3  1 -1 -2 -3  2  0 -5 -4 -2    5   3   9   8   0  16  16   2   4   2   2   8   1   2   0  13   6   0   0   4  0.35 1.18
   26 V   -3 -4 -5 -5  0 -4 -5 -3 -5  3  4 -4  2  2 -5 -4 -2 -4 -3  3    0   0   0   0   2   0   0   3   0  15  37   0   6  10   0   0   2   0   0  21  0.72 1.18
   27 K   -3  1 -3 -3 -6  1 -2 -4  1  0 -5  7 -4 -5 -4 -3 -3 -6 -4 -4    0   4   0   0   0   3   0   0   4   6   0  83   0   0   0   0   0   0   0   0  1.54 1.26
   28 A   -1  0  1  0 -5  1  0 -1  2  0 -1  0  2  1  0  0  0 -5 -4  0    6   6   6   6   0   6   6   6   6   6   6   6   6   6   6   6   6   0   0   6  0.09 1.78
   29 K   -1  2 -1 -1 -5  3  0 -5  2 -3  1  5  2 -5 -4 -2 -2 -5 -4 -1    4  10   2   3   0  13   4   0   4   1  12  32   5   0   0   3   1   0   0   4  0.56 1.60
   30 I   -2 -6 -6 -6  0 -6 -6 -3 -2  7  2 -6 -2 -3 -6 -5 -4 -5 -1  2    4   0   0   0   2   0   0   2   1  59  16   0   0   0   0   0   0   0   2  14  1.25 1.64
   31 Q    2 -1  1 -1  3  3  3 -2  2 -5 -4 -2 -1 -2 -5  2 -3 -1 -1 -4   15   2   5   3   6  14  22   3   4   0   2   2   2   2   0  14   1   1   2   1  0.45 1.64
   32 D    0  2  0  3 -2  2  1 -2  3 -3 -5  1  0 -5 -2  1  0 -2 -2 -1    8  10   4  14   1   8  10   2   7   2   0   7   3   0   2  10   6   1   1   4  0.29 1.64
   33 K   -1  2 -3 -3 -1  0  1 -3  0 -1  0  4 -1 -1 -4 -1  0 -5  1  1    5  11   1   1   1   4   9   2   2   3  11  23   2   3   0   4   5   0   5   9  0.27 1.59
   34 E   -1 -2 -2 -2  1  3  3 -3  1  0 -1 -1  1  2 -3 -1  2 -5 -2 -2    4   2   2   1   3  12  21   2   3   5   6   3   3  11   1   4  14   0   1   2  0.33 1.59
   35 G   -2  0  3  1 -2  0  0  5  0 -6 -6  1 -5 -6 -5 -1 -4 -5 -5 -5    1   5  13   7   1   5   6  47   3   0   0   7   0   0   0   4   0   0   0   0  0.88 1.59
   36 I    0 -5 -5 -5  1 -2 -5 -5 -5  5  0 -5  1  2 -1 -2 -2 -4  2  4    7   0   0   0   3   2   0   0   0  30   7   0   3   8   4   3   2   0   6  24  0.66 1.57
   37 P    0  0  1  0  3  1  0 -4  3  0 -1  0 -3  1  1  0  0 -5 -4  0    6   6   6   6   6   6   6   0   6   6   6   6   0   6   6   6   6   0   0   6  0.14 1.67
   38 P    0  1  1  1  3  1  0 -4  3  0 -4  0  2 -4  1  0  0 -5 -4  0    7   7   7   7   6   7   7   0   6   7   1   7   6   0   7   7   7   0   0   7  0.23 1.56
   39 D    0 -1  0  3  2  1  2  0  2 -1 -2  0 -4 -1  0  0  0 -5  0 -2    6   4   5  17   4   5  11   8   4   3   3   5   0   3   5   6   5   0   3   3  0.19 1.73
   40 Q   -1  1  0 -1 -1  5  0 -3 -1 -4 -2  2 -1  0 -4  1 -2  0  0 -3    4   8   4   2   2  28   5   1   1   0   4  13   1   5   0  11   2   2   4   2  0.47 1.40
   41 Q   -3 -2 -3 -3 -5  7 -2 -4 -3 -1  0 -2  0  2 -4 -2 -2 -4 -1 -1    0   0   0   0   0  63   0   0   0   4   8   0   2  10   0   2   2   0   2   4  1.19 1.38
   42 R   -3  5 -2 -3 -5  0 -3 -5  1  0 -3  2 -1 -4 -3 -3  0  5  0  0    1  38   2   1   0   4   0   0   3   6   2  15   2   0   1   0   6   7   4   6  0.73 1.42
   43 L   -4 -5 -6 -6 -4 -5 -6 -6 -6  1  5 -5  3  0 -6 -5 -1  2 -4  1    0   0   0   0   0   0   0   0   0   7  67   0   7   3   0   0   3   3   0  10  1.18 1.47
   44 I   -3 -1 -1 -5 -1 -3 -2 -6 -5  5  0 -4  1  3 -5  0 -1 -4  0  0    2   4   3   0   1   1   3   0   0  40   8   0   3  15   0   9   3   0   3   6  0.66 1.47
   45 F   -3 -5 -5 -6  3 -5 -5 -3  4 -3  0 -5 -3  6 -6 -3 -4  2  7 -2    2   0   0   0   6   0   0   2   9   0   8   0   0  30   0   2   0   2  37   2  1.32 1.47
   46 A    1  1  2  1 -1  2  1  0  0 -5 -2  1  1 -5 -4  1 -1 -5 -5 -3   14   7  10   8   1  10   8   7   2   0   3   9   3   0   0  11   3   0   0   1  0.28 1.45
   47 G   -2  0  0  0 -5 -4 -4  7 -4 -6 -6 -4 -5 -6 -5 -1 -2 -6 -6 -6    2   5   4   5   0   0   0  77   0   0   0   0   0   0   0   3   3   0   0   0  1.55 1.39
   48 K    0  1  1 -4  3  1  0  0  3  0 -1  0  2 -4 -5  0  0 -5  2  0    6   6   6   0   6   6   6   6   6   6   6   6   6   0   0   6   6   0   6   6  0.18 1.67
   49 Q   -2 -1 -4 -3  0  4  3 -5 -3  0  0 -1 -3  2  1 -3 -3 -4 -3  2    3   3   0   0   2  22  20   0   0   6   7   3   0   9   6   0   0   0   0  19  0.47 1.13
   50 L   -4 -2 -6 -6 -4 -4 -5 -6 -5  2  5 -5  3  0 -1 -5 -3 -4 -3  1    0   3   0   0   0   0   0   0   0   9  65   0   7   3   4   0   0   0   0   8  1.00 1.13
   51 E    1  1  0  1 -5  2  4 -2  2 -5 -3  3 -4 -5 -4 -1 -1 -5 -1 -3   10   6   4   8   0   7  28   2   5   0   2  17   0   0   0   4   3   0   2   2  0.48 1.13
   52 D   -4 -1  2  7 -6 -2  1 -1 -3 -6 -6 -3 -5 -6 -1 -1 -3 -6 -5 -5    0   3   9  67   0   0   8   5   0   0   0   0   0   0   3   3   0   0   0   0  1.35 1.13
   53 G   -1 -1  1  4 -2  0  2  2  3 -5 -5 -1 -4 -5 -3  1 -1  0 -4 -5    3   4   7  22   1   4  12  16   8   0   0   4   0   0   1  11   3   2   0   0  0.50 1.29
   54 R   -2  2  1  1 -1  1  0 -4  2 -2  0  2  2 -4 -4  0  1  0 -1 -2    2  11   6   7   1   6   5   0   6   2  11  15   5   0   0   7   8   1   2   3  0.25 1.32
   55 T   -1 -1 -1  0  1 -1 -2 -3  0 -2 -3  0 -2 -4  0  1  5 -5  0 -3    3   3   2   5   3   2   1   2   3   2   2   5   1   0   4  12  46   0   3   1  0.63 1.32
   56 L   -2 -4 -5 -5 -4 -4 -5 -5 -5  2  5 -2  4  0 -2 -2 -2 -4 -3  1    3   0   0   0   0   0   0   0   0  10  54   2  11   3   2   2   2   0   0   8  0.86 1.32
   57 S    1 -1 -1  0 -5  3  1  0  1 -1 -2  1  0  1 -5  2  0 -5 -4 -2   12   3   3   4   0  12   8   7   3   3   3   7   3   6   0  18   6   0   0   3  0.24 1.63
   58 D   -1 -1 -1  3  0  3  4 -2  1 -1 -4 -3  2 -1 -4  0 -2 -5  0 -4    5   2   3  18   2  13  25   3   3   3   0   0   5   3   0   8   2   0   3   0  0.52 1.58
   59 Y   -2 -2  1 -5  5 -1 -4 -5  3  1  0 -4 -3  0 -5 -2 -2  2  7 -1    3   3   7   0  11   3   0   0   6   7   7   0   0   3   0   3   3   3  36   3  0.86 1.55
   60 N   -3 -1  4  1 -5  0 -1  4  2 -5 -5  3  0 -5 -4 -1 -1 -5 -4 -2    0   2  18   9   0   4   3  27   5   0   0  16   3   0   0   4   4   0   0   3  0.58 1.44
   61 I   -2 -5 -5 -6 -4 -1 -5 -6 -5  6  2 -5  1  1 -5 -5 -3 -5 -3  3    2   0   0   0   0   3   0   0   0  49  15   0   3   5   0   0   0   0   0  22  1.07 1.41
   62 Q   -1  1 -1  0 -5  4  2  0  1 -4  0  2 -1 -2 -3 -1  0 -5 -4 -1    5   7   2   4   0  18  13   8   3   0   9  11   2   2   1   5   5   0   0   4  0.29 1.44
   63 K   -1 -2  1  3 -6  1  2 -2  2 -5 -3  3 -5 -2  3  0 -2 -6 -2 -5    4   1   7  17   0   5  14   3   5   0   2  17   0   2  13   6   1   0   1   0  0.49 1.46
   64 E   -3  0  3  3  0  0  2  4  1 -6 -4 -1 -5 -3 -3 -1 -2 -6 -5 -5    0   4  14  14   2   3  13  32   3   0   2   3   0   1   1   4   1   0   0   0  0.65 1.46
   65 S    1 -4 -1  1  1  0 -2 -2  3 -5 -2  0 -1 -2 -1  4 -1 -5 -1 -4   12   0   3   9   3   3   1   3   8   0   3   5   2   2   2  39   3   0   2   0  0.53 1.49
   66 T   -2 -1 -3 -2 -4 -1 -2 -5 -1  1 -1 -1 -3  2 -5 -1  5 -5 -2  2    1   3   1   2   0   3   2   0   1   8   6   5   0   8   0   3  39   0   1  16  0.58 1.47
   67 L   -4 -2 -6 -6 -4 -5 -5 -6 -5  5  4 -5  0  1 -5 -5 -3 -5 -3  3    0   2   0   0   0   0   0   0   0  29  37   0   2   5   0   0   0   0   0  24  0.99 1.37
   68 H   -3 -2  0 -1 -5  3 -1 -4  8 -1 -2 -2  1  0 -5 -3 -2 -1  1  1    2   1   5   3   0  12   2   1  38   4   4   2   4   4   0   1   2   1   4  11  0.87 1.45
   69 L   -2 -5 -6 -6 -4 -5 -5 -6 -5  2  5 -5  4 -1 -5 -5 -3 -4 -4  3    2   0   0   0   0   0   0   0   0   7  58   0  11   2   0   0   0   0   0  18  1.10 1.37
   70 V   -1 -5  0 -5  1 -1 -4 -4 -1  1  0 -4  5 -1 -5  0 -1 -5 -1  5    4   0   5   0   3   2   0   1   2   7   6   0  16   2   0   6   2   0   2  42  0.68 1.33
   71 L   -2 -4 -5 -2  0 -1 -3 -1 -5  3  4 -3  0  0 -5 -1 -2 -5 -4  2    2   0   0   3   2   3   2   6   0  17  38   2   2   3   0   4   2   0   0  16  0.52 1.29
   72 R    0  6 -1 -3 -5 -1 -1 -4  1 -5 -5  3 -4 -5 -4  0 -1 -5 -2 -4    7  50   3   0   0   1   3   0   4   0   0  20   0   0   0   5   4   0   1   0  1.00 1.17
   73 L   -2 -3 -4 -4  2  0  0 -5 -1 -1  5 -1  4 -2 -2 -2 -3 -4 -3 -1    3   0   0   0   4   4   8   0   2   0  55   5  10   0   2   2   0   0   0   3  0.67 1.03
   74 R   -3  7 -3 -4  0  0 -2 -5 -3 -1 -1  2  1 -4 -4 -2 -2 -5 -4 -4    0  68   0   0   2   2   0   0   0   5   8   8   3   0   0   2   2   0   0   0  1.18 1.01
   75 G    0 -4 -2 -3 -4 -1 -4  7 -4 -5 -5 -3 -4 -5 -4 -2 -1 -5 -5 -5    7   0   0   0   0   4   0  85   0   0   0   0   0   0   0   0   4   0   0   0  1.56 0.87
   76 G   -2 -4 -2 -3 -4 -4 -4  7 -4 -6 -6 -3 -5 -5 -4 -2 -3 -4 -5 -5    0   0   0   0   0   0   0 100   0   0   0   0   0   0   0   0   0   0   0   0  1.92 0.77

                      K         Lambda
Standard Ungapped    0.1358     0.3148
Standard Gapped      0.0410     0.2670
PSI Ungapped         0.1752     0.3168
PSI Gapped           0.0536     0.2670
