REMARK  Neural network secondary structure prediction for pred.tab
REMARK     H-Helix    E-Strand   L-Coil 

DATA FIRST_RESID 1

DATA SEQUENCE     MQIFVKTLTG KTITLEVEPS DTIENVKAKI QDKEGIPPDQ QRLIFAGKQL 
DATA PREDICTED_SS LEEEEELLLL LEEEEEELLL LLHHHHHHHH HHHLLLLLLL LEEEELLLEE 
DATA CONFIDENCE   0599842889 6488986599 9838899999 9716999745 4799778641 


DATA SEQUENCE     EDGRTLSDYN IQKESTLHLV LRLRGG
DATA PREDICTED_SS LLLLLLHHLL LLLLLEEEEE EEEELL
DATA CONFIDENCE   6989833048 9688749999 997440

VARS RESID RESNAME CS_CNT CS_CNT_R2 Q_H Q_E Q_L CONFIDENCE SS_CLASS
FORMAT %4d %1s %2d %2d %8.3f %8.3f %8.3f %4.2f %s

    1 M 10  4    0.333    0.333    0.333 0.00 L
    2 Q 16  6    0.000    0.798    0.202 0.60 E
    3 I 18  6    0.000    0.982    0.018 0.96 E
    4 F 18  6    0.003    0.981    0.015 0.97 E
    5 V 18  6    0.000    0.946    0.054 0.89 E
    6 K 18  6    0.000    0.728    0.272 0.46 E
    7 T 18  6    0.010    0.367    0.623 0.26 L
    8 L 18  6    0.032    0.075    0.893 0.82 L
    9 T 17  6    0.066    0.044    0.891 0.83 L
   10 G 17  5    0.023    0.017    0.960 0.94 L
   11 K 17  6    0.000    0.174    0.826 0.65 L
   12 T 18  6    0.000    0.734    0.266 0.47 E
   13 I 18  6    0.000    0.912    0.088 0.82 E
   14 T 18  6    0.000    0.948    0.052 0.90 E
   15 L 18  6    0.000    0.954    0.046 0.91 E
   16 E 18  6    0.000    0.947    0.053 0.89 E
   17 V 18  6    0.004    0.846    0.150 0.70 E
   18 E 16  6    0.001    0.224    0.775 0.55 L
   19 P 16  4    0.011    0.043    0.946 0.90 L
   20 S 16  6    0.007    0.018    0.974 0.96 L
   21 D 18  6    0.001    0.020    0.979 0.96 L
   22 T 18  6    0.024    0.071    0.905 0.83 L
   23 I 18  6    0.646    0.050    0.304 0.34 H
   24 E 18  6    0.914    0.000    0.086 0.83 H
   25 N 18  6    0.944    0.000    0.056 0.89 H
   26 V 18  6    0.966    0.000    0.034 0.93 H
   27 K 18  6    0.963    0.000    0.037 0.93 H
   28 A 18  6    0.958    0.000    0.042 0.92 H
   29 K 18  6    0.968    0.000    0.032 0.94 H
   30 I 18  6    0.979    0.000    0.021 0.96 H
   31 Q 18  6    0.954    0.000    0.046 0.91 H
   32 D 18  6    0.861    0.000    0.139 0.72 H
   33 K 18  6    0.591    0.000    0.409 0.18 H
   34 E 17  6    0.184    0.013    0.804 0.62 L
   35 G 17  5    0.028    0.025    0.947 0.92 L
   36 I 15  6    0.001    0.011    0.988 0.98 L
   37 P 14  4    0.000    0.022    0.978 0.96 L
   38 P 14  4    0.088    0.054    0.858 0.77 L
   39 D 16  6    0.274    0.047    0.680 0.41 L
   40 Q 18  6    0.228    0.030    0.742 0.51 L
   41 Q 18  6    0.050    0.229    0.720 0.49 L
   42 R 18  6    0.000    0.873    0.127 0.75 E
   43 L 18  6    0.005    0.992    0.003 0.99 E
   44 I 18  6    0.007    0.989    0.004 0.98 E
   45 F 18  6    0.010    0.850    0.139 0.71 E
   46 A 17  6    0.004    0.135    0.861 0.73 L
   47 G 17  5    0.047    0.048    0.905 0.86 L
   48 K 17  6    0.021    0.176    0.802 0.63 L
   49 Q 18  6    0.000    0.740    0.260 0.48 E
   50 L 18  6    0.000    0.596    0.404 0.19 E
   51 E 18  6    0.007    0.189    0.803 0.61 L
   52 D 17  6    0.011    0.044    0.945 0.90 L
   53 G 17  5    0.030    0.037    0.933 0.90 L
   54 R 17  6    0.013    0.022    0.965 0.94 L
   55 T 18  6    0.019    0.076    0.905 0.83 L
   56 L 18  6    0.309    0.070    0.621 0.31 L
   57 S 18  6    0.651    0.016    0.333 0.32 H
   58 D 18  6    0.517    0.000    0.483 0.03 H
   59 Y 18  6    0.267    0.024    0.709 0.44 L
   60 N 18  6    0.072    0.011    0.917 0.84 L
   61 I 18  6    0.001    0.038    0.961 0.92 L
   62 Q 18  6    0.000    0.154    0.846 0.69 L
   63 K 18  6    0.015    0.082    0.903 0.82 L
   64 E 18  6    0.061    0.058    0.882 0.82 L
   65 S 18  6    0.044    0.083    0.873 0.79 L
   66 T 18  6    0.000    0.723    0.277 0.45 E
   67 L 18  6    0.000    0.963    0.037 0.93 E
   68 H 18  6    0.004    0.989    0.007 0.98 E
   69 L 18  6    0.007    0.986    0.007 0.98 E
   70 V 18  6    0.007    0.992    0.001 0.98 E
   71 L 18  6    0.007    0.982    0.012 0.97 E
   72 R 18  6    0.000    0.963    0.037 0.93 E
   73 L 18  6    0.000    0.880    0.120 0.76 E
   74 R 17  6    0.000    0.712    0.288 0.42 E
   75 G 15  5    0.000    0.252    0.748 0.50 L
   76 G  9  4    0.333    0.333    0.333 0.00 L
