Table sorted by score column
bcl::storage::Table<double>      score       rmsd    rmsd100 
2                             -700.000      2.800      4.000 
1                             -600.000      3.200      5.000 
0                             -500.000      5.000      6.000 
3                             -400.000      5.600      3.000 
5                             -300.000      3.200      5.000 
6                             -200.000      2.700      4.000 
7                             -100.000      3.600     11.000 
8                                0.000     13.400     12.000 
Table sorted by rmsd column
bcl::storage::Table<double>      score       rmsd    rmsd100 
6                             -200.000      2.700      4.000 
2                             -700.000      2.800      4.000 
1                             -600.000      3.200      5.000 
5                             -300.000      3.200      5.000 
7                             -100.000      3.600     11.000 
0                             -500.000      5.000      6.000 
3                             -400.000      5.600      3.000 
8                                0.000     13.400     12.000 
Table sorted by row name
bcl::storage::Table<double>      score       rmsd    rmsd100 
0                             -500.000      5.000      6.000 
1                             -600.000      3.200      5.000 
2                             -700.000      2.800      4.000 
3                             -400.000      5.600      3.000 
5                             -300.000      3.200      5.000 
6                             -200.000      2.700      4.000 
7                             -100.000      3.600     11.000 
8                                0.000     13.400     12.000 
Table transposed
bcl::storage::Table<double>          0          1          2          3          5          6          7          8 
score                         -500.000   -600.000   -700.000   -400.000   -300.000   -200.000   -100.000      0.000 
rmsd                             5.000      3.200      2.800      5.600      3.200      2.700      3.600     13.400 
rmsd100                          6.000      5.000      4.000      3.000      5.000      4.000     11.000     12.000 
